by_chromosomes:
  chr1:
    clt_mean: 9246.120524113434
    clt_pvalue: 0.566268729638767
    clt_sd: 72.62911086059532
    clt_zscore: -0.16688245208863892
    overlap_count: 9234
    query_size: 50000
    reference_size: 20000
total:
  clt_mean: 9246.120524113434
  clt_pvalue: 0.566268729638767
  clt_sd: 72.62911086059532
  clt_zscore: -0.16688245208863892
  overlap_count: 9234
  query_size: 50000
  reference_size: 20000
