by_chromosomes:
  chr1:
    clt_mean: 46.2306372849306
    clt_pvalue: 0.8942924321587904
    clt_sd: 4.985771664392232
    clt_zscore: -1.2496836406346177
    overlap_count: 40
    query_size: 50000
    reference_size: 100
total:
  clt_mean: 46.2306372849306
  clt_pvalue: 0.8942924321587904
  clt_sd: 4.985771664392232
  clt_zscore: -1.2496836406346177
  overlap_count: 40
  query_size: 50000
  reference_size: 100
