by_chromosomes:
  chr1:
    clt_mean: 9246.12714787257
    clt_pvalue: 0.06337528682282517
    clt_sd: 72.60628968908185
    clt_zscore: 1.5270419766967032
    overlap_count: 9357
    query_size: 50000
    reference_size: 20000
total:
  clt_mean: 9246.12714787257
  clt_pvalue: 0.06337528682282517
  clt_sd: 72.60628968908185
  clt_zscore: 1.5270419766967032
  overlap_count: 9357
  query_size: 50000
  reference_size: 20000
