by_chromosomes:
  chr1:
    clt_mean: 9.246127456968233
    clt_pvalue: 0.3676423393156978
    clt_sd: 2.229704870882718
    clt_zscore: 0.33810418269989073
    overlap_count: 10
    query_size: 50000
    reference_size: 20
total:
  clt_mean: 9.246127456968233
  clt_pvalue: 0.3676423393156978
  clt_sd: 2.229704870882718
  clt_zscore: 0.33810418269989073
  overlap_count: 10
  query_size: 50000
  reference_size: 20
