by_chromosomes:
  chr1:
    clt_mean: 9246.113463976333
    clt_pvalue: 0.5877697895140754
    clt_sd: 72.64476717764315
    clt_zscore: -0.221811764320615
    overlap_count: 9230
    query_size: 50000
    reference_size: 20000
total:
  clt_mean: 9246.113463976333
  clt_pvalue: 0.5877697895140754
  clt_sd: 72.64476717764315
  clt_zscore: -0.221811764320615
  overlap_count: 9230
  query_size: 50000
  reference_size: 20000
