by_chromosomes:
  chr1:
    clt_mean: 462.30637284906777
    clt_pvalue: 0.9873618071619472
    clt_sd: 15.78183673789162
    clt_zscore: -2.237152331217471
    overlap_count: 427
    query_size: 50000
    reference_size: 1000
total:
  clt_mean: 462.30637284906777
  clt_pvalue: 0.9873618071619472
  clt_sd: 15.78183673789162
  clt_zscore: -2.237152331217471
  overlap_count: 427
  query_size: 50000
  reference_size: 1000
