by_chromosomes:
  chr1:
    clt_mean: 4623.063728485133
    clt_pvalue: 0.007560131059283219
    clt_sd: 50.60176827477868
    clt_zscore: 2.429485682146447
    overlap_count: 4746
    query_size: 50000
    reference_size: 10000
total:
  clt_mean: 4623.063728485133
  clt_pvalue: 0.007560131059283219
  clt_sd: 50.60176827477868
  clt_zscore: 2.429485682146447
  overlap_count: 4746
  query_size: 50000
  reference_size: 10000
