by_chromosomes:
  chr1:
    clt_mean: 92.46127456981039
    clt_pvalue: 0.9798647745809538
    clt_sd: 7.050964538960927
    clt_zscore: -2.0509640191640335
    overlap_count: 78
    query_size: 50000
    reference_size: 200
total:
  clt_mean: 92.46127456981039
  clt_pvalue: 0.9798647745809538
  clt_sd: 7.050964538960927
  clt_zscore: -2.0509640191640335
  overlap_count: 78
  query_size: 50000
  reference_size: 200
