by_chromosomes:
  chr1:
    clt_mean: 9246.052495994818
    clt_pvalue: 0.030630216909668533
    clt_sd: 72.63662188278856
    clt_zscore: 1.8716110479993928
    overlap_count: 9382
    query_size: 50000
    reference_size: 20000
total:
  clt_mean: 9246.052495994818
  clt_pvalue: 0.030630216909668533
  clt_sd: 72.63662188278856
  clt_zscore: 1.8716110479993928
  overlap_count: 9382
  query_size: 50000
  reference_size: 20000
