by_chromosomes:
  chr1:
    clt_mean: 9.246127456966002
    clt_pvalue: 0.7118766594266028
    clt_sd: 2.229704870866297
    clt_zscore: -0.5588755145347328
    overlap_count: 8
    query_size: 50000
    reference_size: 20
total:
  clt_mean: 9.246127456966002
  clt_pvalue: 0.7118766594266028
  clt_sd: 2.229704870866297
  clt_zscore: -0.5588755145347328
  overlap_count: 8
  query_size: 50000
  reference_size: 20
