by_chromosomes:
  chr1:
    clt_mean: 2311.531864244545
    clt_pvalue: 0.18016916083378715
    clt_sd: 35.49513960285983
    clt_zscore: 0.9147206101659897
    overlap_count: 2344
    query_size: 50000
    reference_size: 5000
total:
  clt_mean: 2311.531864244545
  clt_pvalue: 0.18016916083378715
  clt_sd: 35.49513960285983
  clt_zscore: 0.9147206101659897
  overlap_count: 2344
  query_size: 50000
  reference_size: 5000
