by_chromosomes:
  chr1:
    clt_mean: 9.246127456925382
    clt_pvalue: 0.5439482396919938
    clt_sd: 2.2297048709628475
    clt_zscore: -0.11038566589267856
    overlap_count: 9
    query_size: 50000
    reference_size: 20
total:
  clt_mean: 9.246127456925382
  clt_pvalue: 0.5439482396919938
  clt_sd: 2.2297048709628475
  clt_zscore: -0.11038566589267856
  overlap_count: 9
  query_size: 50000
  reference_size: 20
