by_chromosomes:
  chr1:
    clt_mean: 9246.126056556996
    clt_pvalue: 0.408068057745098
    clt_sd: 72.57064611515966
    clt_zscore: 0.23251747567779743
    overlap_count: 9263
    query_size: 50000
    reference_size: 20000
total:
  clt_mean: 9246.126056556996
  clt_pvalue: 0.408068057745098
  clt_sd: 72.57064611515966
  clt_zscore: 0.23251747567779743
  overlap_count: 9263
  query_size: 50000
  reference_size: 20000
