by_chromosomes:
  chr1:
    clt_mean: 23.115318642327793
    clt_pvalue: 0.40093033950484736
    clt_sd: 3.525472952262317
    clt_zscore: 0.2509397659977791
    overlap_count: 24
    query_size: 50000
    reference_size: 50
total:
  clt_mean: 23.115318642327793
  clt_pvalue: 0.40093033950484736
  clt_sd: 3.525472952262317
  clt_zscore: 0.2509397659977791
  overlap_count: 24
  query_size: 50000
  reference_size: 50
