by_chromosomes:
  chr1:
    clt_mean: 231.15318642434428
    clt_pvalue: 0.9904942637076126
    clt_sd: 11.15128990156406
    clt_zscore: -2.3453059381655996
    overlap_count: 205
    query_size: 50000
    reference_size: 500
total:
  clt_mean: 231.15318642434428
  clt_pvalue: 0.9904942637076126
  clt_sd: 11.15128990156406
  clt_zscore: -2.3453059381655996
  overlap_count: 205
  query_size: 50000
  reference_size: 500
