by_chromosomes:
  chr1:
    clt_mean: 231.15318642455347
    clt_pvalue: 0.06540491397145926
    clt_sd: 11.1500655518543
    clt_zscore: 1.5109161015331298
    overlap_count: 248
    query_size: 50000
    reference_size: 500
total:
  clt_mean: 231.15318642455347
  clt_pvalue: 0.06540491397145926
  clt_sd: 11.1500655518543
  clt_zscore: 1.5109161015331298
  overlap_count: 248
  query_size: 50000
  reference_size: 500
