by_chromosomes:
  chr1:
    clt_mean: 4.623063728511733
    clt_pvalue: 0.405523418633878
    clt_sd: 1.5766394340615695
    clt_zscore: 0.2390757603450554
    overlap_count: 5
    query_size: 50000
    reference_size: 10
total:
  clt_mean: 4.623063728511733
  clt_pvalue: 0.405523418633878
  clt_sd: 1.5766394340615695
  clt_zscore: 0.2390757603450554
  overlap_count: 5
  query_size: 50000
  reference_size: 10
