by_chromosomes:
  chr1:
    clt_mean: 4.623063728495607
    clt_pvalue: 0.9892181362997449
    clt_sd: 1.5766394341165673
    clt_zscore: -2.297965945857307
    overlap_count: 1
    query_size: 50000
    reference_size: 10
total:
  clt_mean: 4.623063728495607
  clt_pvalue: 0.9892181362997449
  clt_sd: 1.5766394341165673
  clt_zscore: -2.297965945857307
  overlap_count: 1
  query_size: 50000
  reference_size: 10
