by_chromosomes:
  chr1:
    clt_mean: 924.6127456981258
    clt_pvalue: 0.6823278518412269
    clt_sd: 22.379455437226547
    clt_zscore: -0.4742182278694884
    overlap_count: 914
    query_size: 50000
    reference_size: 2000
total:
  clt_mean: 924.6127456981258
  clt_pvalue: 0.6823278518412269
  clt_sd: 22.379455437226547
  clt_zscore: -0.4742182278694884
  overlap_count: 914
  query_size: 50000
  reference_size: 2000
