by_chromosomes:
  chr1:
    clt_mean: 231.15318642421653
    clt_pvalue: 0.00806767579096045
    clt_sd: 11.159021004747697
    clt_zscore: 2.4058395054871995
    overlap_count: 258
    query_size: 50000
    reference_size: 500
total:
  clt_mean: 231.15318642421653
  clt_pvalue: 0.00806767579096045
  clt_sd: 11.159021004747697
  clt_zscore: 2.4058395054871995
  overlap_count: 258
  query_size: 50000
  reference_size: 500
