by_chromosomes:
  chr1:
    clt_mean: 9.24612745696801
    clt_pvalue: 0.10839964407463165
    clt_sd: 2.2297048709229377
    clt_zscore: 1.2350838799092212
    overlap_count: 12
    query_size: 50000
    reference_size: 20
total:
  clt_mean: 9.24612745696801
  clt_pvalue: 0.10839964407463165
  clt_sd: 2.2297048709229377
  clt_zscore: 1.2350838799092212
  overlap_count: 12
  query_size: 50000
  reference_size: 20
