by_chromosomes:
  chr1:
    clt_mean: 9246.127456980053
    clt_pvalue: 0.42966884831785435
    clt_sd: 72.63705086114012
    clt_zscore: 0.17721731357946344
    overlap_count: 9259
    query_size: 50000
    reference_size: 20000
total:
  clt_mean: 9246.127456980053
  clt_pvalue: 0.42966884831785435
  clt_sd: 72.63705086114012
  clt_zscore: 0.17721731357946344
  overlap_count: 9259
  query_size: 50000
  reference_size: 20000
