by_chromosomes:
  chr1:
    clt_mean: 46.230637284897696
    clt_pvalue: 0.08727370155806968
    clt_sd: 4.985771664361039
    clt_zscore: 1.35773620831668
    overlap_count: 53
    query_size: 50000
    reference_size: 100
total:
  clt_mean: 46.230637284897696
  clt_pvalue: 0.08727370155806968
  clt_sd: 4.985771664361039
  clt_zscore: 1.35773620831668
  overlap_count: 53
  query_size: 50000
  reference_size: 100
