by_chromosomes:
  chr1:
    clt_mean: 462.3063728489385
    clt_pvalue: 0.2294584108999676
    clt_sd: 15.788722234731217
    clt_zscore: 0.7406316342267689
    overlap_count: 474
    query_size: 50000
    reference_size: 1000
total:
  clt_mean: 462.3063728489385
  clt_pvalue: 0.2294584108999676
  clt_sd: 15.788722234731217
  clt_zscore: 0.7406316342267689
  overlap_count: 474
  query_size: 50000
  reference_size: 1000
