by_chromosomes:
  chr1:
    clt_mean: 23.11531864251414
    clt_pvalue: 0.7257501348635264
    clt_sd: 3.5254737169618733
    clt_zscore: -0.600009761053345
    overlap_count: 21
    query_size: 50000
    reference_size: 50
total:
  clt_mean: 23.11531864251414
  clt_pvalue: 0.7257501348635264
  clt_sd: 3.5254737169618733
  clt_zscore: -0.600009761053345
  overlap_count: 21
  query_size: 50000
  reference_size: 50
