by_chromosomes:
  chr1:
    clt_mean: 9.246127456923107
    clt_pvalue: 0.5439482396905323
    clt_sd: 2.2297048710166796
    clt_zscore: -0.11038566588899296
    overlap_count: 9
    query_size: 50000
    reference_size: 20
total:
  clt_mean: 9.246127456923107
  clt_pvalue: 0.5439482396905323
  clt_sd: 2.2297048710166796
  clt_zscore: -0.11038566588899296
  overlap_count: 9
  query_size: 50000
  reference_size: 20
