by_chromosomes:
  chr1:
    clt_mean: 9246.120653693328
    clt_pvalue: 0.5280951861430287
    clt_sd: 72.65141824672196
    clt_zscore: -0.07048250146938984
    overlap_count: 9241
    query_size: 50000
    reference_size: 20000
total:
  clt_mean: 9246.120653693328
  clt_pvalue: 0.5280951861430287
  clt_sd: 72.65141824672196
  clt_zscore: -0.07048250146938984
  overlap_count: 9241
  query_size: 50000
  reference_size: 20000
