real_time	user_time	sys_time	max_rss	exit_status
2.02	2.00	0.01	25964	0
