by_chromosomes:
  chr1:
    clt_mean: 9246.127456981016
    clt_pvalue: 0.30580310947852773
    clt_sd: 72.61490444837123
    clt_zscore: 0.5077820221494661
    overlap_count: 9283
    query_size: 50000
    reference_size: 20000
total:
  clt_mean: 9246.127456981016
  clt_pvalue: 0.30580310947852773
  clt_sd: 72.61490444837123
  clt_zscore: 0.5077820221494661
  overlap_count: 9283
  query_size: 50000
  reference_size: 20000
