by_chromosomes:
  chr1:
    clt_mean: 231.1531864247193
    clt_pvalue: 0.016291366606690005
    clt_sd: 11.158034590523284
    clt_zscore: 2.1371876365694544
    overlap_count: 255
    query_size: 50000
    reference_size: 500
total:
  clt_mean: 231.1531864247193
  clt_pvalue: 0.016291366606690005
  clt_sd: 11.158034590523284
  clt_zscore: 2.1371876365694544
  overlap_count: 255
  query_size: 50000
  reference_size: 500
