by_chromosomes:
  chr1:
    clt_mean: 231.15318642434892
    clt_pvalue: 0.5765386725435949
    clt_sd: 11.15372669838518
    clt_zscore: -0.19304636760202
    overlap_count: 229
    query_size: 50000
    reference_size: 500
total:
  clt_mean: 231.15318642434892
  clt_pvalue: 0.5765386725435949
  clt_sd: 11.15372669838518
  clt_zscore: -0.19304636760202
  overlap_count: 229
  query_size: 50000
  reference_size: 500
