by_chromosomes:
  chr1:
    clt_mean: 924.612745698203
    clt_pvalue: 0.321147269646447
    clt_sd: 22.362561399506962
    clt_zscore: 0.4644930478324405
    overlap_count: 935
    query_size: 50000
    reference_size: 2000
total:
  clt_mean: 924.612745698203
  clt_pvalue: 0.321147269646447
  clt_sd: 22.362561399506962
  clt_zscore: 0.4644930478324405
  overlap_count: 935
  query_size: 50000
  reference_size: 2000
