by_chromosomes:
  chr1:
    clt_mean: 9246.12745698031
    clt_pvalue: 0.010413843233142104
    clt_sd: 72.63770900149878
    clt_zscore: 2.3110935811071056
    overlap_count: 9414
    query_size: 50000
    reference_size: 20000
total:
  clt_mean: 9246.12745698031
  clt_pvalue: 0.010413843233142104
  clt_sd: 72.63770900149878
  clt_zscore: 2.3110935811071056
  overlap_count: 9414
  query_size: 50000
  reference_size: 20000
