by_chromosomes:
  chr1:
    clt_mean: 9.246127457002503
    clt_pvalue: 0.5439482397086199
    clt_sd: 2.229704870814533
    clt_zscore: -0.11038566593460902
    overlap_count: 9
    query_size: 50000
    reference_size: 20
total:
  clt_mean: 9.246127457002503
  clt_pvalue: 0.5439482397086199
  clt_sd: 2.229704870814533
  clt_zscore: -0.11038566593460902
  overlap_count: 9
  query_size: 50000
  reference_size: 20
