by_chromosomes:
  chr1:
    clt_mean: 4.623063728509662
    clt_pvalue: 0.6536466958831609
    clt_sd: 1.576639434068657
    clt_zscore: -0.39518466622504206
    overlap_count: 4
    query_size: 50000
    reference_size: 10
total:
  clt_mean: 4.623063728509662
  clt_pvalue: 0.6536466958831609
  clt_sd: 1.576639434068657
  clt_zscore: -0.39518466622504206
  overlap_count: 4
  query_size: 50000
  reference_size: 10
