by_chromosomes:
  chr1:
    clt_mean: 4.623063728522114
    clt_pvalue: 0.40552341863505603
    clt_sd: 1.5766394340381842
    clt_zscore: 0.239075760342017
    overlap_count: 5
    query_size: 50000
    reference_size: 10
total:
  clt_mean: 4.623063728522114
  clt_pvalue: 0.40552341863505603
  clt_sd: 1.5766394340381842
  clt_zscore: 0.239075760342017
  overlap_count: 5
  query_size: 50000
  reference_size: 10
