by_chromosomes:
  chr1:
    clt_mean: 9.24612745695999
    clt_pvalue: 0.36764233931329815
    clt_sd: 2.229704870865098
    clt_zscore: 0.3381041827062596
    overlap_count: 10
    query_size: 50000
    reference_size: 20
total:
  clt_mean: 9.24612745695999
  clt_pvalue: 0.36764233931329815
  clt_sd: 2.229704870865098
  clt_zscore: 0.3381041827062596
  overlap_count: 10
  query_size: 50000
  reference_size: 20
