by_chromosomes:
  chr1:
    clt_mean: 92.46127456972346
    clt_pvalue: 0.2161389627337566
    clt_sd: 7.053009287468395
    clt_zscore: 0.7852996082278825
    overlap_count: 98
    query_size: 50000
    reference_size: 200
total:
  clt_mean: 92.46127456972346
  clt_pvalue: 0.2161389627337566
  clt_sd: 7.053009287468395
  clt_zscore: 0.7852996082278825
  overlap_count: 98
  query_size: 50000
  reference_size: 200
