by_chromosomes:
  chr1:
    clt_mean: 4.623063728493559
    clt_pvalue: 0.9519143536195184
    clt_sd: 1.576639434083118
    clt_zscore: -1.663705519340242
    overlap_count: 2
    query_size: 50000
    reference_size: 10
total:
  clt_mean: 4.623063728493559
  clt_pvalue: 0.9519143536195184
  clt_sd: 1.576639434083118
  clt_zscore: -1.663705519340242
  overlap_count: 2
  query_size: 50000
  reference_size: 10
