by_chromosomes:
  chr1:
    clt_mean: 462.306372849151
    clt_pvalue: 0.2491774689640267
    clt_sd: 15.793732919349678
    clt_zscore: 0.6770804093912275
    overlap_count: 473
    query_size: 50000
    reference_size: 1000
total:
  clt_mean: 462.306372849151
  clt_pvalue: 0.2491774689640267
  clt_sd: 15.793732919349678
  clt_zscore: 0.6770804093912275
  overlap_count: 473
  query_size: 50000
  reference_size: 1000
