by_chromosomes:
  chr1:
    clt_mean: 46.230637284903416
    clt_pvalue: 0.1693859343801154
    clt_sd: 4.9857716673836014
    clt_zscore: 0.9565946925121457
    overlap_count: 51
    query_size: 50000
    reference_size: 100
total:
  clt_mean: 46.230637284903416
  clt_pvalue: 0.1693859343801154
  clt_sd: 4.9857716673836014
  clt_zscore: 0.9565946925121457
  overlap_count: 51
  query_size: 50000
  reference_size: 100
