by_chromosomes:
  chr1:
    clt_mean: 9246.127451549515
    clt_pvalue: 0.48422476443939694
    clt_sd: 72.62536857976926
    clt_zscore: 0.03955296209382287
    overlap_count: 9249
    query_size: 50000
    reference_size: 20000
total:
  clt_mean: 9246.127451549515
  clt_pvalue: 0.48422476443939694
  clt_sd: 72.62536857976926
  clt_zscore: 0.03955296209382287
  overlap_count: 9249
  query_size: 50000
  reference_size: 20000
