real_time	user_time	sys_time	max_rss	exit_status
0.36	0.31	0.04	45552	0
