by_chromosomes:
  chr1:
    clt_mean: 231.15318642465283
    clt_pvalue: 0.1440815779456902
    clt_sd: 11.153513637490848
    clt_zscore: 1.062159778558561
    overlap_count: 243
    query_size: 50000
    reference_size: 500
total:
  clt_mean: 231.15318642465283
  clt_pvalue: 0.1440815779456902
  clt_sd: 11.153513637490848
  clt_zscore: 1.062159778558561
  overlap_count: 243
  query_size: 50000
  reference_size: 500
