by_chromosomes:
  chr1:
    clt_mean: 9246.127456754093
    clt_pvalue: 0.20483766027079547
    clt_sd: 72.6198610426543
    clt_zscore: 0.8244651309748314
    overlap_count: 9306
    query_size: 50000
    reference_size: 20000
total:
  clt_mean: 9246.127456754093
  clt_pvalue: 0.20483766027079547
  clt_sd: 72.6198610426543
  clt_zscore: 0.8244651309748314
  overlap_count: 9306
  query_size: 50000
  reference_size: 20000
