by_chromosomes:
  chr1:
    clt_mean: 4623.063726177872
    clt_pvalue: 0.28344238866804083
    clt_sd: 50.53087152394017
    clt_zscore: 0.5726454531546877
    overlap_count: 4652
    query_size: 50000
    reference_size: 10000
total:
  clt_mean: 4623.063726177872
  clt_pvalue: 0.28344238866804083
  clt_sd: 50.53087152394017
  clt_zscore: 0.5726454531546877
  overlap_count: 4652
  query_size: 50000
  reference_size: 10000
