by_chromosomes:
  chr1:
    clt_mean: 4623.063728489428
    clt_pvalue: 0.5865648327652185
    clt_sd: 50.584624805020674
    clt_zscore: -0.21871721955186557
    overlap_count: 4612
    query_size: 50000
    reference_size: 10000
total:
  clt_mean: 4623.063728489428
  clt_pvalue: 0.5865648327652185
  clt_sd: 50.584624805020674
  clt_zscore: -0.21871721955186557
  overlap_count: 4612
  query_size: 50000
  reference_size: 10000
