by_chromosomes:
  chr1:
    clt_mean: 9246.090734874726
    clt_pvalue: 0.18216569194134175
    clt_sd: 72.65590202512864
    clt_zscore: 0.9071426172987225
    overlap_count: 9312
    query_size: 50000
    reference_size: 20000
total:
  clt_mean: 9246.090734874726
  clt_pvalue: 0.18216569194134175
  clt_sd: 72.65590202512864
  clt_zscore: 0.9071426172987225
  overlap_count: 9312
  query_size: 50000
  reference_size: 20000
