by_chromosomes:
  chr1:
    clt_mean: 9.246127457003269
    clt_pvalue: 0.7118766594376712
    clt_sd: 2.22970487080358
    clt_zscore: -0.5588755145671667
    overlap_count: 8
    query_size: 50000
    reference_size: 20
total:
  clt_mean: 9.246127457003269
  clt_pvalue: 0.7118766594376712
  clt_sd: 2.22970487080358
  clt_zscore: -0.5588755145671667
  overlap_count: 8
  query_size: 50000
  reference_size: 20
