by_chromosomes:
  chr1:
    clt_mean: 924.6127456982406
    clt_pvalue: 0.546514921354493
    clt_sd: 22.357710316556336
    clt_zscore: -0.11686105872415073
    overlap_count: 922
    query_size: 50000
    reference_size: 2000
total:
  clt_mean: 924.6127456982406
  clt_pvalue: 0.546514921354493
  clt_sd: 22.357710316556336
  clt_zscore: -0.11686105872415073
  overlap_count: 922
  query_size: 50000
  reference_size: 2000
