by_chromosomes:
  chr1:
    clt_mean: 9246.127380319995
    clt_pvalue: 0.5171876043432956
    clt_sd: 72.56730567509456
    clt_zscore: -0.04309627167360424
    overlap_count: 9243
    query_size: 50000
    reference_size: 20000
total:
  clt_mean: 9246.127380319995
  clt_pvalue: 0.5171876043432956
  clt_sd: 72.56730567509456
  clt_zscore: -0.04309627167360424
  overlap_count: 9243
  query_size: 50000
  reference_size: 20000
