by_chromosomes:
  chr1:
    clt_mean: 92.46127456982069
    clt_pvalue: 0.8550052839250445
    clt_sd: 7.051279336366918
    clt_zscore: -1.0581448009496968
    overlap_count: 85
    query_size: 50000
    reference_size: 200
total:
  clt_mean: 92.46127456982069
  clt_pvalue: 0.8550052839250445
  clt_sd: 7.051279336366918
  clt_zscore: -1.0581448009496968
  overlap_count: 85
  query_size: 50000
  reference_size: 200
