by_chromosomes:
  chr1:
    clt_mean: 4.623063728492883
    clt_pvalue: 0.19123993095964736
    clt_sd: 1.5766394340817098
    clt_zscore: 0.8733361869190421
    overlap_count: 6
    query_size: 50000
    reference_size: 10
total:
  clt_mean: 4.623063728492883
  clt_pvalue: 0.19123993095964736
  clt_sd: 1.5766394340817098
  clt_zscore: 0.8733361869190421
  overlap_count: 6
  query_size: 50000
  reference_size: 10
