by_chromosomes:
  chr1:
    clt_mean: 9246.127454979141
    clt_pvalue: 0.2819682423401958
    clt_sd: 72.56884900902583
    clt_zscore: 0.5770043977912725
    overlap_count: 9288
    query_size: 50000
    reference_size: 20000
total:
  clt_mean: 9246.127454979141
  clt_pvalue: 0.2819682423401958
  clt_sd: 72.56884900902583
  clt_zscore: 0.5770043977912725
  overlap_count: 9288
  query_size: 50000
  reference_size: 20000
