by_chromosomes:
  chr1:
    clt_mean: 924.5993379462047
    clt_pvalue: 0.03547283422879028
    clt_sd: 22.372411793200335
    clt_zscore: 1.805825068268871
    overlap_count: 965
    query_size: 50000
    reference_size: 2000
total:
  clt_mean: 924.5993379462047
  clt_pvalue: 0.03547283422879028
  clt_sd: 22.372411793200335
  clt_zscore: 1.805825068268871
  overlap_count: 965
  query_size: 50000
  reference_size: 2000
