by_chromosomes:
  chr1:
    clt_mean: 46.23063728497134
    clt_pvalue: 0.9506128590260008
    clt_sd: 4.985771664804871
    clt_zscore: -1.6508251557271147
    overlap_count: 38
    query_size: 50000
    reference_size: 100
total:
  clt_mean: 46.23063728497134
  clt_pvalue: 0.9506128590260008
  clt_sd: 4.985771664804871
  clt_zscore: -1.6508251557271147
  overlap_count: 38
  query_size: 50000
  reference_size: 100
