by_chromosomes:
  chr1:
    clt_mean: 2311.531864244304
    clt_pvalue: 0.6990642477907136
    clt_sd: 35.521315770118015
    clt_zscore: -0.521711086499042
    overlap_count: 2293
    query_size: 50000
    reference_size: 5000
total:
  clt_mean: 2311.531864244304
  clt_pvalue: 0.6990642477907136
  clt_sd: 35.521315770118015
  clt_zscore: -0.521711086499042
  overlap_count: 2293
  query_size: 50000
  reference_size: 5000
