by_chromosomes:
  chr1:
    clt_mean: 9246.12745338787
    clt_pvalue: 0.3204464258066788
    clt_sd: 72.61761820251901
    clt_zscore: 0.4664508069882497
    overlap_count: 9280
    query_size: 50000
    reference_size: 20000
total:
  clt_mean: 9246.12745338787
  clt_pvalue: 0.3204464258066788
  clt_sd: 72.61761820251901
  clt_zscore: 0.4664508069882497
  overlap_count: 9280
  query_size: 50000
  reference_size: 20000
