by_chromosomes:
  chr1:
    clt_mean: 9245.999004473157
    clt_pvalue: 0.34482218455729585
    clt_sd: 72.62272826149548
    clt_zscore: 0.39933773105326914
    overlap_count: 9275
    query_size: 50000
    reference_size: 20000
total:
  clt_mean: 9245.999004473157
  clt_pvalue: 0.34482218455729585
  clt_sd: 72.62272826149548
  clt_zscore: 0.39933773105326914
  overlap_count: 9275
  query_size: 50000
  reference_size: 20000
