by_chromosomes:
  chr1:
    clt_mean: 4.623063728525317
    clt_pvalue: 0.40552341870794884
    clt_sd: 1.5766394352646764
    clt_zscore: 0.2390757601540047
    overlap_count: 5
    query_size: 50000
    reference_size: 10
total:
  clt_mean: 4.623063728525317
  clt_pvalue: 0.40552341870794884
  clt_sd: 1.5766394352646764
  clt_zscore: 0.2390757601540047
  overlap_count: 5
  query_size: 50000
  reference_size: 10
