by_chromosomes:
  chr1:
    clt_mean: 2311.531864240381
    clt_pvalue: 0.9268079871429826
    clt_sd: 35.47992860363644
    clt_zscore: -1.452422997127996
    overlap_count: 2260
    query_size: 50000
    reference_size: 5000
total:
  clt_mean: 2311.531864240381
  clt_pvalue: 0.9268079871429826
  clt_sd: 35.47992860363644
  clt_zscore: -1.452422997127996
  overlap_count: 2260
  query_size: 50000
  reference_size: 5000
