by_chromosomes:
  chr1:
    clt_mean: 4623.063728490424
    clt_pvalue: 0.5162813988640613
    clt_sd: 50.55339167052674
    clt_zscore: -0.04082275040760735
    overlap_count: 4621
    query_size: 50000
    reference_size: 10000
total:
  clt_mean: 4623.063728490424
  clt_pvalue: 0.5162813988640613
  clt_sd: 50.55339167052674
  clt_zscore: -0.04082275040760735
  overlap_count: 4621
  query_size: 50000
  reference_size: 10000
