by_chromosomes:
  chr1:
    clt_mean: 46.23063728495177
    clt_pvalue: 0.3613388395034335
    clt_sd: 4.985771664172092
    clt_zscore: 0.35488242026062405
    overlap_count: 48
    query_size: 50000
    reference_size: 100
total:
  clt_mean: 46.23063728495177
  clt_pvalue: 0.3613388395034335
  clt_sd: 4.985771664172092
  clt_zscore: 0.35488242026062405
  overlap_count: 48
  query_size: 50000
  reference_size: 100
