by_chromosomes:
  chr1:
    clt_mean: 92.46127456978871
    clt_pvalue: 0.5820907542877056
    clt_sd: 7.05095063786389
    clt_zscore: -0.2072450432345401
    overlap_count: 91
    query_size: 50000
    reference_size: 200
total:
  clt_mean: 92.46127456978871
  clt_pvalue: 0.5820907542877056
  clt_sd: 7.05095063786389
  clt_zscore: -0.2072450432345401
  overlap_count: 91
  query_size: 50000
  reference_size: 200
