by_chromosomes:
  chr1:
    clt_mean: 9246.106681790849
    clt_pvalue: 0.7142181020844941
    clt_sd: 72.6587498310332
    clt_zscore: -0.5657499184398459
    overlap_count: 9205
    query_size: 50000
    reference_size: 20000
total:
  clt_mean: 9246.106681790849
  clt_pvalue: 0.7142181020844941
  clt_sd: 72.6587498310332
  clt_zscore: -0.5657499184398459
  overlap_count: 9205
  query_size: 50000
  reference_size: 20000
