by_chromosomes:
  chr1:
    clt_mean: 46.230637284911836
    clt_pvalue: 0.6727070823333854
    clt_sd: 4.985771664522562
    clt_zscore: -0.4474006101772495
    overlap_count: 44
    query_size: 50000
    reference_size: 100
total:
  clt_mean: 46.230637284911836
  clt_pvalue: 0.6727070823333854
  clt_sd: 4.985771664522562
  clt_zscore: -0.4474006101772495
  overlap_count: 44
  query_size: 50000
  reference_size: 100
