by_chromosomes:
  chr1:
    clt_mean: 2311.531864245819
    clt_pvalue: 0.1952831256411871
    clt_sd: 35.48620788611508
    clt_zscore: 0.8585909165600667
    overlap_count: 2342
    query_size: 50000
    reference_size: 5000
total:
  clt_mean: 2311.531864245819
  clt_pvalue: 0.1952831256411871
  clt_sd: 35.48620788611508
  clt_zscore: 0.8585909165600667
  overlap_count: 2342
  query_size: 50000
  reference_size: 5000
