by_chromosomes:
  chr1:
    clt_mean: 231.15318642424623
    clt_pvalue: 0.7675550216296698
    clt_sd: 11.156238152107612
    clt_zscore: -0.7308186068711653
    overlap_count: 223
    query_size: 50000
    reference_size: 500
total:
  clt_mean: 231.15318642424623
  clt_pvalue: 0.7675550216296698
  clt_sd: 11.156238152107612
  clt_zscore: -0.7308186068711653
  overlap_count: 223
  query_size: 50000
  reference_size: 500
