by_chromosomes:
  chr1:
    clt_mean: 9246.126010955746
    clt_pvalue: 0.5335966206049012
    clt_sd: 72.65707791048042
    clt_zscore: -0.08431402874878306
    overlap_count: 9240
    query_size: 50000
    reference_size: 20000
total:
  clt_mean: 9246.126010955746
  clt_pvalue: 0.5335966206049012
  clt_sd: 72.65707791048042
  clt_zscore: -0.08431402874878306
  overlap_count: 9240
  query_size: 50000
  reference_size: 20000
