by_chromosomes:
  chr1:
    clt_mean: 4623.063728489584
    clt_pvalue: 0.20919224467125558
    clt_sd: 50.58687229777464
    clt_zscore: 0.809227170034326
    overlap_count: 4664
    query_size: 50000
    reference_size: 10000
total:
  clt_mean: 4623.063728489584
  clt_pvalue: 0.20919224467125558
  clt_sd: 50.58687229777464
  clt_zscore: 0.809227170034326
  overlap_count: 4664
  query_size: 50000
  reference_size: 10000
