by_chromosomes:
  chr1:
    clt_mean: 9.246127457057959
    clt_pvalue: 0.7118766594538338
    clt_sd: 2.229704870712484
    clt_zscore: -0.5588755146145282
    overlap_count: 8
    query_size: 50000
    reference_size: 20
total:
  clt_mean: 9.246127457057959
  clt_pvalue: 0.7118766594538338
  clt_sd: 2.229704870712484
  clt_zscore: -0.5588755146145282
  overlap_count: 8
  query_size: 50000
  reference_size: 20
