by_chromosomes:
  chr1:
    clt_mean: 462.306372848979
    clt_pvalue: 0.7429747460480776
    clt_sd: 15.794150266511943
    clt_zscore: -0.6525436744027583
    overlap_count: 452
    query_size: 50000
    reference_size: 1000
total:
  clt_mean: 462.306372848979
  clt_pvalue: 0.7429747460480776
  clt_sd: 15.794150266511943
  clt_zscore: -0.6525436744027583
  overlap_count: 452
  query_size: 50000
  reference_size: 1000
