by_chromosomes:
  chr1:
    clt_mean: 4.623063728524698
    clt_pvalue: 0.40552341863686214
    clt_sd: 1.5766394340580994
    clt_zscore: 0.2390757603373585
    overlap_count: 5
    query_size: 50000
    reference_size: 10
total:
  clt_mean: 4.623063728524698
  clt_pvalue: 0.40552341863686214
  clt_sd: 1.5766394340580994
  clt_zscore: 0.2390757603373585
  overlap_count: 5
  query_size: 50000
  reference_size: 10
