by_chromosomes:
  chr1:
    clt_mean: 4623.06316395458
    clt_pvalue: 0.09941357037932069
    clt_sd: 50.53842555995891
    clt_zscore: 1.2849002580893434
    overlap_count: 4688
    query_size: 50000
    reference_size: 10000
total:
  clt_mean: 4623.06316395458
  clt_pvalue: 0.09941357037932069
  clt_sd: 50.53842555995891
  clt_zscore: 1.2849002580893434
  overlap_count: 4688
  query_size: 50000
  reference_size: 10000
