by_chromosomes:
  chr1:
    clt_mean: 2311.5318642445395
    clt_pvalue: 0.3114008915873472
    clt_sd: 35.51275814150724
    clt_zscore: 0.49188338697477746
    overlap_count: 2329
    query_size: 50000
    reference_size: 5000
total:
  clt_mean: 2311.5318642445395
  clt_pvalue: 0.3114008915873472
  clt_sd: 35.51275814150724
  clt_zscore: 0.49188338697477746
  overlap_count: 2329
  query_size: 50000
  reference_size: 5000
