by_chromosomes:
  chr1:
    clt_mean: 9.246127456963373
    clt_pvalue: 0.5439482396999655
    clt_sd: 2.2297048709009104
    clt_zscore: -0.11038566591278312
    overlap_count: 9
    query_size: 50000
    reference_size: 20
total:
  clt_mean: 9.246127456963373
  clt_pvalue: 0.5439482396999655
  clt_sd: 2.2297048709009104
  clt_zscore: -0.11038566591278312
  overlap_count: 9
  query_size: 50000
  reference_size: 20
