by_chromosomes:
  chr1:
    clt_mean: 924.6127456980745
    clt_pvalue: 0.026231219614579693
    clt_sd: 22.37241108469231
    clt_zscore: 1.9393195546818829
    overlap_count: 968
    query_size: 50000
    reference_size: 2000
total:
  clt_mean: 924.6127456980745
  clt_pvalue: 0.026231219614579693
  clt_sd: 22.37241108469231
  clt_zscore: 1.9393195546818829
  overlap_count: 968
  query_size: 50000
  reference_size: 2000
