by_chromosomes:
  chr1:
    clt_mean: 92.46127456989252
    clt_pvalue: 0.08806861808954247
    clt_sd: 7.051386800253601
    clt_zscore: 1.3527446019220535
    overlap_count: 102
    query_size: 50000
    reference_size: 200
total:
  clt_mean: 92.46127456989252
  clt_pvalue: 0.08806861808954247
  clt_sd: 7.051386800253601
  clt_zscore: 1.3527446019220535
  overlap_count: 102
  query_size: 50000
  reference_size: 200
