by_chromosomes:
  chr1:
    clt_mean: 92.46127456981401
    clt_pvalue: 0.6881194043954633
    clt_sd: 7.056239901458637
    clt_zscore: -0.4905267703693731
    overlap_count: 89
    query_size: 50000
    reference_size: 200
total:
  clt_mean: 92.46127456981401
  clt_pvalue: 0.6881194043954633
  clt_sd: 7.056239901458637
  clt_zscore: -0.4905267703693731
  overlap_count: 89
  query_size: 50000
  reference_size: 200
