by_chromosomes:
  chr1:
    clt_mean: 9.246127457021064
    clt_pvalue: 0.10839964406066999
    clt_sd: 2.2297048707445177
    clt_zscore: 1.2350838799842574
    overlap_count: 12
    query_size: 50000
    reference_size: 20
total:
  clt_mean: 9.246127457021064
  clt_pvalue: 0.10839964406066999
  clt_sd: 2.2297048707445177
  clt_zscore: 1.2350838799842574
  overlap_count: 12
  query_size: 50000
  reference_size: 20
