by_chromosomes:
  chr1:
    clt_mean: 92.46127456983702
    clt_pvalue: 0.9798650383660066
    clt_sd: 7.050945915889006
    clt_zscore: -2.0509694362070134
    overlap_count: 78
    query_size: 50000
    reference_size: 200
total:
  clt_mean: 92.46127456983702
  clt_pvalue: 0.9798650383660066
  clt_sd: 7.050945915889006
  clt_zscore: -2.0509694362070134
  overlap_count: 78
  query_size: 50000
  reference_size: 200
