by_chromosomes:
  chr1:
    clt_mean: 9.246127457057172
    clt_pvalue: 0.3676423393207
    clt_sd: 2.22970487070722
    clt_zscore: 0.33810418268661446
    overlap_count: 10
    query_size: 50000
    reference_size: 20
total:
  clt_mean: 9.246127457057172
  clt_pvalue: 0.3676423393207
  clt_sd: 2.22970487070722
  clt_zscore: 0.33810418268661446
  overlap_count: 10
  query_size: 50000
  reference_size: 20
