by_chromosomes:
  chr1:
    clt_mean: 92.46127456971057
    clt_pvalue: 0.3595072733746932
    clt_sd: 7.056402969349171
    clt_zscore: 0.3597761410901375
    overlap_count: 95
    query_size: 50000
    reference_size: 200
total:
  clt_mean: 92.46127456971057
  clt_pvalue: 0.3595072733746932
  clt_sd: 7.056402969349171
  clt_zscore: 0.3597761410901375
  overlap_count: 95
  query_size: 50000
  reference_size: 200
