by_chromosomes:
  chr1:
    clt_mean: 4.623063728468474
    clt_pvalue: 0.19123993095593045
    clt_sd: 1.5766394340850298
    clt_zscore: 0.8733361869326846
    overlap_count: 6
    query_size: 50000
    reference_size: 10
total:
  clt_mean: 4.623063728468474
  clt_pvalue: 0.19123993095593045
  clt_sd: 1.5766394340850298
  clt_zscore: 0.8733361869326846
  overlap_count: 6
  query_size: 50000
  reference_size: 10
