by_chromosomes:
  chr1:
    clt_mean: 23.115318642436257
    clt_pvalue: 0.08294541686544854
    clt_sd: 3.525499702649461
    clt_zscore: 1.3855287957882507
    overlap_count: 28
    query_size: 50000
    reference_size: 50
total:
  clt_mean: 23.115318642436257
  clt_pvalue: 0.08294541686544854
  clt_sd: 3.525499702649461
  clt_zscore: 1.3855287957882507
  overlap_count: 28
  query_size: 50000
  reference_size: 50
