by_chromosomes:
  chr1:
    clt_mean: 4623.063718416832
    clt_pvalue: 0.8900658497050706
    clt_sd: 50.58669119134733
    clt_zscore: -1.2268783934112575
    overlap_count: 4561
    query_size: 50000
    reference_size: 10000
total:
  clt_mean: 4623.063718416832
  clt_pvalue: 0.8900658497050706
  clt_sd: 50.58669119134733
  clt_zscore: -1.2268783934112575
  overlap_count: 4561
  query_size: 50000
  reference_size: 10000
