by_chromosomes:
  chr1:
    clt_mean: 924.6127456981341
    clt_pvalue: 0.5465163955574485
    clt_sd: 22.356998518140678
    clt_zscore: -0.11686477932241365
    overlap_count: 922
    query_size: 50000
    reference_size: 2000
total:
  clt_mean: 924.6127456981341
  clt_pvalue: 0.5465163955574485
  clt_sd: 22.356998518140678
  clt_zscore: -0.11686477932241365
  overlap_count: 922
  query_size: 50000
  reference_size: 2000
