chr_name	begin	end	overlap_count	p-value	p-value_adjusted	mean	variance	standard_deviation	z-score
chr1	0	1000000	83	0.51385506153654447736	1	82.75219951980463675	47.00440245493143373	6.85597567490808953
chr1	200000	1200000	87	0.7743182744552113972	1	91.95384489831335716	52.283976738371097933	7.2307659855903992554
chr1	400000	1400000	92	0.714591069584375016	1	95.69667765698078496	54.513798511270359224	7.3833460240781319636
chr1	600000	1600000	92	0.6255071777625498264	1	93.84746649452705709	53.193259846965318435	7.2933709522391166
chr1	800000	1800000	99	0.39964832254436860604	1	96.62128323820766148	55.29962440970568501	7.4363717234754802845
chr1	1000000	2000000	94	0.4929614742408559569	1	93.38516370391361303	53.226464237125595394	7.295646937532380027
chr1	1200000	2200000	96	0.22045078225895328727	1	89.993498576912455265	51.122084229957021773	7.1499709251127043846
chr1	1400000	2400000	104	0.10582959287028320672	1	94.30976928514047399	54.056627568881838713	7.3523212367851446263
chr1	1600000	2600000	99	0.3756758882656994203	1	96.158980447594210504	55.113685126233708547	7.423859180118768157
chr1	1800000	2800000	105	0.31181120339583251466	1	100.782008353728538434	57.677261494883730112	7.5945547265711193974
chr1	2000000	3000000	106	0.28815728589214412159	1	101.244311144341981	58.21576429548863587	7.6299255760124315823
chr1	2200000	3200000	97	0.6257365684828910535	1	98.932797191274805815	56.919857702711310007	7.5445250150497420167
chr1	2400000	3400000	81	0.9660138249024603496	1	93.84746649452703835	53.843945525725714206	7.3378433838373597576
chr1	2600000	3600000	84	0.92023964850735706644	1	93.84746649452703755	54.285329217361581164	7.3678578445408120646
chr1	2800000	3800000	85	0.88717510215009920405	1	93.38516370391360377	53.859035410195213015	7.3388715352017991986
chr1	3000000	4000000	84	0.9502062338551465759	1	95.69667765698077388	55.136831611568150796	7.4254179418782987987
chr1	3200000	4200000	90	0.8942524402582000542	1	98.932797191274807	57.09899354205316429	7.5563875987176018
chr1	3400000	4400000	97	0.8039699095659184058	1	103.09352230679570729	59.245569157997159882	7.697114339672833513
chr1	3600000	4600000	99	0.82833689080934569393	1	105.86733905047631446	60.398819055420973276	7.7716677139093494103
chr1	3800000	4800000	92	0.95436809663291533035	1	104.48043067863601355	59.391198677528282208	7.706568541025784078
chr1	4000000	5000000	101	0.75529547984468137223	1	105.86733905047630848	60.086174796480375616	7.751527255740018077
chr1	4200000	5200000	109	0.32252541643562193663	1	104.942733469249447675	59.943659933595754827	7.742329102640610099
chr1	4400000	5400000	118	0.067576142578436596	1	105.86733905047631701	60.483998876028278107	7.777145933826128102
chr1	4600000	5600000	126	0.012122277529994000822	1	107.71655021293005	62.08163244660459534	7.879189834405856942
chr1	4800000	5800000	118	0.013416246196159629933	1	100.587985282720106854	58.152174283630014676	7.6257572924680742605
chr1	5000000	6000000	104	0.19549532020363505347	1	97.08358602882108576	55.976236054811519486	7.48172680968849059
chr1	5200000	6200000	92	0.87656544402171077124	1	100.31970556311511859	58.068094209674878555	7.620242398354193992
chr1	5400000	6400000	78	0.96903439425467952084	1	91.01030421451650157	52.764402692102273764	7.2639109777104422993
chr1	5600000	6600000	72	0.9935322062043361324	1	89.224438588392712746	51.52896365977305586	7.1783677573507653122
chr1	5800000	6800000	74	0.99153103776699513805	1	90.59754663091913445	51.88218317938572621	7.2029287917753099363
chr1	6000000	7000000	83	0.91480403770130336305	1	92.46055812268674738	52.94416693248162174	7.2762742480256763435
chr1	6200000	7200000	81	0.85120717433001891195	1	87.82003971985268881	49.392557793075513525	7.027983906717168453
chr1	6400000	7400000	88	0.8880769721703943853	1	96.487577395929433964	54.685848711739212587	7.394988080567757926
chr1	6600000	7600000	96	0.5838036225578565608	1	97.083586028821069976	54.99559056111843305	7.415901196828233974
chr1	6800000	7800000	109	0.3011812285280363044	1	104.47211966243173202	60.015908866714412134	7.746993537283635306
chr1	7000000	8000000	111	0.2560493701761477059	1	105.40503625986290213	60.541416557635297443	7.7808364947244134623
chr1	7200000	8200000	120	0.0815177297932322964	1	108.451996249996559386	62.60096254562345823	7.9120770057945883362
chr1	7400000	8400000	118	0.060071005069065291915	1	105.40503625986289288	60.417553740721782137	7.7728729399573863183
chr1	7600000	8600000	110	0.18430238314561891988	1	102.63121951618228863	58.383617323263312562	7.6409173090188139115
chr1	7800000	8800000	102	0.40231603497236578804	1	99.65602332563757342	56.305074222513761484	7.503670716556914685
chr1	8000000	9000000	104	0.33634814195446083307	1	100.31970556311510168	57.024521325647232563	7.551458225114354201
chr1	8200000	9200000	103	0.36288497563302912763	1	99.85740277250166499	57.228692627734351644	7.564964813383757679
chr1	8400000	9400000	109	0.24125821958045956528	1	103.093522306795703156	59.37990163747800608	7.70583555738623364
chr1	8600000	9600000	104	0.25197881491740820037	1	98.47049440066137595	56.76896413383807094	7.5345181752941621624
chr1	8800000	9800000	96	0.2701960391589655619	1	91.07364975084643977	52.4290557918062313	7.2407911026217453843
chr1	9000000	10000000	90	0.45812712660830728906	1	88.76213579777927495	51.05564608693623124	7.145323371754159542
chr1	9200000	10200000	82	0.7388032565685149766	1	85.988319054098665765	49.005014191826424746	7.000358147396919059
chr1	9400000	10400000	80	0.8537766330507866597	1	86.91292463532553403	49.58806168298240155	7.0418791301031574545
chr1	9600000	10600000	90	0.81506227598607894347	1	96.158980447594201144	55.070829153973599523	7.4209722512601810377
chr1	9800000	10800000	99	0.6173990359590338928	1	100.78200835372854197	57.664502650171411018	7.5937146805875851935
chr1	10000000	11000000	106	0.4230415382733289098	1	104.01812788802257711	59.270523213114258886	7.6987351696960104543
chr1	10200000	11200000	105	0.3337789952459337961	1	101.24431114434197279	57.80363699936200484	7.602870313201587476
chr1	10400000	11400000	102	0.23458607975247441901	1	96.15898044759419302	54.5433295930666947	7.385345597402107675
chr1	10600000	11600000	100	0.18286036260383378704	1	92.922860913300153456	52.888400099820810977	7.2724411375975268855
chr1	10800000	11800000	94	0.41742442309239197185	1	91.99825533207330747	52.75000336700125839	7.262919754960897156
chr1	11000000	12000000	90	0.54892961982188692716	1	90.405022220994684934	52.398552950706001288	7.238684476526518785
chr1	11200000	12200000	91	0.5053562678188970869	1	90.61134696023299694	52.309579524596574483	7.2325361751322457165
chr1	11400000	12400000	92	0.5263965344651373446	1	91.99825533207330385	53.361579144736402992	7.3049010359303570097
chr1	11600000	12600000	88	0.5180828417693231769	1	87.83753021655240794	50.77757123968343934	7.1258382832957582733
chr1	11800000	12800000	89	0.5137675504273838678	1	88.76213579777927341	51.49946192290903239	7.1763125574983864683
chr1	12000000	13000000	87	0.5481544529626176665	1	87.370545563846695	50.05915053238146255	7.0752491498449340862
chr1	12200000	13200000	91	0.55610316913032320496	1	91.53595254145986934	52.414614668326433112	7.239793827749961079
chr1	12400000	13400000	90	0.48382428321858222953	1	89.22443858839270532	50.879208808354010943	7.1329663400547468825
chr1	12600000	13600000	98	0.37886534855838249758	1	95.23437486636734147	54.486697220877179596	7.3815104972408716066
chr1	12800000	13800000	91	0.40248633440328662747	1	88.76213579777926307	50.217922708434749274	7.0864605204879783677
chr1	13000000	14000000	86	0.57879935578458663326	1	86.91292463532553459	49.483579949969345276	7.034456620803723833
chr1	13200000	14200000	91	0.35252138071318056545	1	87.83753021655240005	49.858439188521586637	7.0610508558232029375
chr1	13400000	14400000	89	0.5138981119896880445	1	88.762135797779269604	50.65780843692037774	7.1174299038993266184
chr1	13600000	14600000	89	0.5903140135219233642	1	90.14904416961956518	51.254704336196314846	7.1592390891907161424
chr1	13800000	14800000	98	0.59838215440491238084	1	99.395099981888231463	56.977717039184032157	7.5483585658859656585
chr1	14000000	15000000	104	0.40645440204405658413	1	101.70661393495540804	58.20582139752683608	7.629273975780843334
chr1	14200000	15200000	99	0.42119081835230687272	1	97.029389211805210744	55.6469879797085469	7.459690876953853166
chr1	14400000	15400000	102	0.4616704211033219596	1	100.7820083537285458	57.79645447179161445	7.602397942214786118
chr1	14600000	15600000	98	0.5978720022316664773	1	99.39509998188824419	57.567945439001288015	7.587354310891332562
chr1	14800000	15800000	97	0.75110050091870161904	1	101.706613934955416766	58.755664140977725305	7.6652243372896611724
chr1	15000000	16000000	97	0.625087899680696113	1	98.93279719127481538	57.519342028072780168	7.5841507123785969874
chr1	15200000	16200000	95	0.8046276085438608394	1	101.10022763681913488	59.030231663270082004	7.683113409502041315
chr1	15400000	16400000	90	0.8132835002416248793	1	96.158980447594207826	55.887004427990019675	7.475761127001719527
chr1	15600000	16600000	90	0.74209996747174367115	1	94.30976928514047634	54.542011904377515466	7.3852563871796296268
chr1	15800000	16800000	88	0.6186997011525227075	1	89.68674137900613421	51.720502831642136646	7.191696797810801523
chr1	16000000	17000000	88	0.91977118927650169944	1	98.00819161004793819	56.230995780800920807	7.4987329450248407154
chr1	16200000	17200000	95	0.72163084273227728893	1	98.93279719127480858	56.604203875048172252	7.5235765348036549535
chr1	16400000	17400000	99	0.7245517818468858451	1	103.093522306795708963	59.03267513090131906	7.6832724233168590063
chr1	16600000	17600000	99	0.5943932442503029323	1	100.31970556311509889	57.137548083455431243	7.5589382907558804363
chr1	16800000	17800000	100	0.5180894530299011702	1	99.85740277250166141	57.232867553072724873	7.565240746537596134
chr1	17000000	18000000	96	0.3376376250112857469	1	92.46055812268673225	52.979195267777545602	7.2786808741541585465
chr1	17200000	18200000	93	0.47175613009557076927	1	91.99825533207329695	52.91370258824896903	7.2741805441059111115
chr1	17400000	18400000	88	0.51809191698665724157	1	87.83753021655239664	50.730029487341176234	7.122501631262795031
chr1	17600000	18600000	79	0.88269874671262771315	1	86.912924635325531565	50.168540339259650025	7.0829753874526240674
chr1	17800000	18800000	80	0.8531441406885624801	1	86.91292463532553848	49.845040008179795937	7.0601019828455591465
chr1	18000000	19000000	84	0.72904779612097270203	1	87.837530216552403124	50.315248856290955722	7.093324245816692942
chr1	18200000	19200000	82	0.71740715340571481473	1	85.52601626348523088	48.719350719512822725	6.9799248362366211602
chr1	18400000	19400000	81	0.7824391949702489413	1	85.988319054098657834	49.31138254927419865	7.022206387544743665
chr1	18600000	19600000	89	0.4621580237364292243	1	87.83753021655239853	50.6414512523639981	7.1162807176476672558
chr1	18800000	19800000	89	0.6836718239893849747	1	91.99825533207329393	53.162859326388438957	7.29128653437707377
chr1	19000000	20000000	84	0.90126504612120839077	1	92.9228609133001612	53.575942169151185655	7.319558878043893818
chr1	19200000	20200000	88	0.90956638845510484614	1	97.54588881943450466	56.51023030828189116	7.51732866836896331
chr1	19400000	20400000	95	0.7127517192649611699	1	98.73338664552497885	56.5387274602527702	7.5192238602300417345
chr1	19600000	20600000	96	0.696448253725487354	1	99.39509998188823515	57.01648715255803466	7.5509262446774061085
chr1	19800000	20800000	97	0.57337996715397909764	1	97.89952860429257915	56.054978094872952195	7.486987250882223333
chr1	20000000	21000000	102	0.38967795388615383834	1	99.39509998188824726	57.078988581596704098	7.5550637708491054203
chr1	20200000	21200000	94	0.68386154569389212554	1	97.08358602882108629	55.683548832106698562	7.4621410353937092123
chr1	20400000	21400000	82	0.94153592741197988936	1	92.91309144519890715	53.239932835819555157	7.296569936334438723
chr1	20600000	21600000	81	0.937595662072956304	1	91.53595254145986166	51.92325509518761271	7.205779284379144284
chr1	20800000	21800000	83	0.8081584878296023122	1	88.675503222934865206	50.172468650112695594	7.083252688568486725
chr1	21000000	22000000	90	0.586277706008487276	1	91.07364975084642257	51.200796140499903967	7.1554731597917341336
chr1	21200000	22200000	95	0.31518000276486807243	1	91.07364975084641541	50.956166221696130657	7.1383587904851161705
chr1	21400000	22400000	98	0.28482912205619098645	1	93.385163703913593315	52.56883779085495233	7.2504370758496313105
chr1	21600000	22600000	99	0.32795451621085047744	1	95.234374866367327295	54.026093416773872263	7.350244446055782182
chr1	21800000	22800000	97	0.38183188128092870883	1	94.309769285140456686	53.61373124820906207	7.322139799826896372
chr1	22000000	23000000	91	0.60559712294511336417	1	92.46055812268672711	52.798774155552670062	7.2662764986995003603
chr1	22200000	23200000	88	0.7104797993431850589	1	91.535952541459855644	52.609177254558061886	7.253218406649427642
chr1	22400000	23400000	96	0.4103864672657503987	1	93.847466494527021524	53.99951078564205743	7.34843594145325985
chr1	22600000	23600000	92	0.5764751618544782241	1	92.92286091330016484	53.315555578249054107	7.301750172270279346
chr1	22800000	23800000	93	0.64378612189012229816	1	95.234374866367338563	54.48112622726797748	7.3811331262393565828
chr1	23000000	24000000	87	0.75658952649850941263	1	91.535952541459877155	52.251954259383937645	7.2285513250847114423
chr1	23200000	24200000	83	0.79322512395067967805	1	88.299833007165828495	50.199144742108279482	7.0851354780348610833
chr1	23400000	24400000	77	0.9035307581552566303	1	85.526016263485229375	48.184259456290609983	6.941488273871145133
chr1	23600000	24600000	79	0.7544089528307392767	1	83.21450231041805408	46.716852200777822763	6.834972728605273869
chr1	23800000	24800000	71	0.9000274920556303737	1	79.05377719489715278	44.64715291072042399	6.6818525059088534172
chr1	24000000	25000000	74	0.71237523804358238166	1	77.20456603244341962	43.441091046193035064	6.5909855898942029976
chr1	24200000	25200000	78	0.68203779445316159435	1	80.702594017563072416	45.4057057181773265	6.7383755993694301116
chr1	24400000	25400000	83	0.7126713687053369828	1	86.45062184471210929	49.262058438615962327	7.0186934994068491756
chr1	24600000	25600000	82	0.86118039520639966256	1	89.224438588392708124	50.649372969483102573	7.116837286989432258
chr1	24800000	25800000	84	0.8675926749762162826	1	91.535952541459870174	51.973942896876521705	7.2092955895064062565
chr1	25000000	26000000	87	0.85688184514755472154	1	94.30976928514047297	53.647544935762412985	7.3244484390131666066
chr1	25200000	26200000	88	0.789031165396364087	1	93.37612394807352354	53.411544276047900285	7.308320208915855945
chr1	25400000	26400000	89	0.61501730833998324854	1	90.611346960232991246	51.444389174887882772	7.1724744108911174818
chr1	25600000	26600000	99	0.2835957225619077926	1	94.309769285140463535	53.81685176851888677	7.335996985312827047
chr1	25800000	26800000	108	0.11430669295347846426	1	98.47049440066136164	56.17627885791281878	7.4950836458249629583
chr1	26000000	27000000	98	0.393961932910642465	1	95.52806560170711969	54.386957913033390513	7.374751379743820931
chr1	26200000	27200000	93	0.6445285805201673712	1	95.234374866367336294	53.90955585027744584	7.3423127044738053597
chr1	26400000	27400000	94	0.63944957340717001326	1	96.15898044759420383	54.907046566454302254	7.4099289177733886178
chr1	26600000	27600000	91	0.53091731756928317587	1	91.073649750846437996	51.995181322988342536	7.2107684280517802895
chr1	26800000	27800000	86	0.72060254824820413333	1	89.68674137900613843	51.009426108083708352	7.142088357622279399
chr1	27000000	28000000	97	0.429448410640684064	1	95.20073321069006631	54.4708373317794133	7.380436120703126396
chr1	27200000	28200000	99	0.20223967406462126095	1	92.46055812268673706	52.52531162072954495	7.247434830388579972
chr1	27400000	28400000	94	0.20965524297082413496	1	87.83753021655240296	49.212520962488038118	7.0151636447404445503
chr1	27600000	28600000	90	0.56119573148268309115	1	90.611346960233008704	50.7798537553225201	7.125998439188891662
chr1	27800000	28800000	91	0.45089245548394268903	1	89.63726239056431674	50.360348532748183032	7.0965025563828399873
chr1	28000000	29000000	95	0.17234837957441986878	1	87.83753021655241113	49.715086568022993432	7.05089260789178333
chr1	28200000	29200000	96	0.22284480696781644449	1	90.04979504816223709	51.148198884334050564	7.1517968989851809524
chr1	28400000	29400000	102	0.05768418556975096062	1	90.149044169619579045	51.83712396800936692	7.1998002727860004797
chr1	28600000	29600000	103	0.03225763472940577914	1	89.224438588392704225	51.411414266149035	7.1701753302237341454
chr1	28800000	29800000	103	0.048016082437336564392	1	90.46178549812113695	52.160720928036040458	7.2222379445734159816
chr1	29000000	30000000	99	0.22115409060697213683	1	92.922860913300166216	52.765690606403183892	7.2639996287447030606
chr1	29200000	30200000	106	0.12384627714791143771	1	96.88932589586437128	55.423122817801160952	7.444670766246225408
chr1	29400000	30400000	99	0.64041487718039014077	1	101.244311144341980625	57.67530941149458898	7.5944262068634644795
chr1	29600000	30600000	100	0.699973000260707523	1	103.55582509740914922	59.476402653721836336	7.7120945698118767517
chr1	29800000	30800000	104	0.5259883484121202768	1	104.01812788802257597	59.72065413371188787	7.727913957447500455
chr1	30000000	31000000	101	0.60841887578796527425	1	102.63121951618227653	59.167166073973488597	7.692019635568638393
chr1	30200000	31200000	96	0.6912010365331057171	1	99.29839440325188493	57.489605661528866844	7.582190030692244978
chr1	30400000	31400000	94	0.63887917611734601486	1	96.158980447594207604	55.36804065840775319	7.4409704110692278163
chr1	30600000	31600000	91	0.52839357338801884456	1	91.028073547771097516	52.00759513890557949	7.211629159829669132
chr1	30800000	31800000	92	0.32557304294144567836	1	88.29983300716584139	50.380289623696407647	7.09790741160353596
chr1	31000000	32000000	97	0.20681196493346576393	1	90.61134696023300391	51.92820248557160291	7.2061225694246696535
chr1	31200000	32200000	98	0.15235029934625413106	1	90.149044169619577456	51.267303520188261607	7.160118959918770903
chr1	31400000	32400000	102	0.16279636707960090658	1	94.301094020615428115	53.617375625372554353	7.322388655716968589
chr1	31600000	32600000	98	0.25627478312191259713	1	92.768700882097388086	52.33013980155950847	7.2339574094377628198
chr1	31800000	32800000	90	0.6811158101809975385	1	92.92286091330017757	52.469753120710005224	7.243600839410603886
chr1	32000000	33000000	77	0.86720263059470026334	1	84.13910789164493849	47.124820467922642255	6.864752032515278134
chr1	32200000	33200000	79	0.87233840146973185004	1	86.450621844712108185	48.901683963280694684	6.9929738997997622075
chr1	32400000	33400000	77	0.8283675160822185912	1	83.01361558133135681	47.193087975790601406	6.8697225544988788437
chr1	32600000	33600000	80	0.82203926525771497946	1	85.988319054098662976	49.33795228592681577	7.024097969556433783
chr1	32800000	33800000	79	0.751839795995090876	1	83.21450231041806059	47.823198129842006347	6.9154318831033254815
chr1	33000000	34000000	82	0.54491584223538913623	1	82.28989672919119025	47.228341613055183544	6.872287946023157108
chr1	33200000	34200000	75	0.79176521423975620984	1	79.978382776124020435	45.344631300336972066	6.7338422390442866736
chr1	33400000	34400000	87	0.3914486919269021814	1	84.60141068225836118	48.05714074781407665	6.9323257820023199373
chr1	33600000	34600000	83	0.61880019851608902837	1	84.6014106822583667	47.681822086835044514	6.9052025377127819994
chr1	33800000	34800000	80	0.82423511472584243265	1	85.988319054098659784	48.456648481037666937	6.9610809850940297
chr1	34000000	35000000	86	0.79819319441839620133	1	91.53595254145986631	52.124713813119855667	7.2197447193872343776
chr1	34200000	35200000	91	0.5769502519009641617	1	91.91783700376457838	52.282549881932168987	7.2306673192681302467
chr1	34400000	35400000	88	0.74454341985395411374	1	92.261638982113552326	52.24074072897498968	7.2277756418537916373
chr1	34600000	35600000	95	0.51408482503266161867	1	94.77207207575391118	53.453952937102583543	7.311221029151189842
chr1	34800000	35800000	104	0.2278605806297564762	1	97.949239057767474526	55.464694991048085107	7.447462318873999184
chr1	35000000	36000000	100	0.32434063490333359114	1	96.15898044759422007	54.076449529737288673	7.3536691202240863858
chr1	35200000	36200000	98	0.30202636506364660685	1	93.732305283367057094	53.022415109030337547	7.281649202552285651
chr1	35400000	36400000	87	0.46878845300168364707	1	85.96804967535471226	48.47982941119596634	6.962745824112493505
chr1	35600000	36600000	80	0.6328007333438109283	1	81.8275939385777715	46.5068832170384084	6.8195955317774094805
chr1	35800000	36800000	75	0.80466951744408676817	1	80.302036350496483294	45.596394765898150693	6.7525102566303555887
chr1	36000000	37000000	76	0.82260578376342863294	1	81.827593938577769986	46.70476830987118725	6.8340886963713887146
chr1	36200000	37200000	80	0.8920710742419258876	1	88.29983300716583285	50.649820434570547147	7.116868723994460975
chr1	36400000	37400000	95	0.5514293673182089073	1	95.47543386355111354	55.207486266903548607	7.430174040148961989
chr1	36600000	37600000	104	0.3374348697074637804	1	100.31970556311510422	57.840494398561345165	7.6052938403825887394
chr1	36800000	37800000	106	0.26745006386689706979	1	100.78200835372854846	57.966393632849628377	7.6135664200721089117
chr1	37000000	38000000	113	0.069353718679855569373	1	101.244311144341984365	57.662725630256778834	7.5935976737154555964
chr1	37200000	38200000	112	0.053327266094058738133	1	99.39509998188825207	56.148697083826966298	7.493243428838206795
chr1	37400000	38400000	103	0.13844407990722057411	1	94.589186820665335065	52.89588684551037078	7.272955853400347073
chr1	37600000	38600000	94	0.3420457410329021397	1	90.6113469602330059	50.747077520136662603	7.1236983035595115386
chr1	37800000	38800000	100	0.2586422160167039519	1	94.77207207575390647	53.44882285167856808	7.3108701842994427552
chr1	38000000	39000000	96	0.4345815414181607994	1	94.3097692851404593	53.334416986133696956	7.303041625660755944
chr1	38200000	39200000	92	0.36973163222431115749	1	89.1501726533155221	50.39463177304022244	7.0989176479967861675
chr1	38400000	39400000	94	0.56807056764205821064	1	94.772072075753902756	53.813967056198357325	7.3358003691620696477
chr1	38600000	39600000	96	0.6310696454454998161	1	98.00819161004792972	55.552836995945633725	7.453377556245600103
chr1	38800000	39800000	90	0.6347585914654717554	1	91.9982553320732914	52.02507013799765683	7.212840642770201729
chr1	39000000	40000000	92	0.8074305294215128326	1	98.00819161004793328	56.06693412148331692	7.4877856620955248147
chr1	39200000	40200000	93	0.81489371482499683985	1	99.27337523538451549	57.05902940387801408	7.553742741441358756
chr1	39400000	40400000	91	0.7938095836740604039	1	96.62128323820763374	55.642186463862911866	7.459369039259480951
chr1	39600000	40600000	95	0.5631764348060079861	1	95.696677656980765315	55.248433670248883506	7.4329290101714871352
chr1	39800000	40800000	101	0.34626409635108423846	1	97.54588881943450554	56.199513786818632462	7.4966334968983666105
chr1	40000000	41000000	96	0.45993322502059835744	1	94.772072075753901944	54.3162735860415843	7.369957502322627661
chr1	40200000	41200000	97	0.6258607095462583869	1	98.93279719127480961	56.805967800374150185	7.5369733846136242133
chr1	40400000	41400000	104	0.271918995996834445	1	98.932797191274810394	56.78040307641001864	7.5352772395187968056
chr1	40600000	41600000	92	0.67046324790915046155	1	94.772072075753900224	54.556556139202399297	7.3862410019713274517
chr1	40800000	41800000	83	0.95735249035670288986	1	95.234374866367328474	55.08973655672311963	7.422246058756279176
chr1	41000000	42000000	91	0.5053163661820581076	1	90.6113469602329865	52.784157940496494066	7.2652706722114967644
chr1	41200000	42200000	89	0.63788358537430778217	1	91.07364975084642073	52.63003880783579601	7.254656353531557597
chr1	41400000	42400000	88	0.68822560565693757795	1	91.073649750846418935	52.6279031332380322	7.2545091586707664863
chr1	41600000	42600000	100	0.22006455468484750759	1	93.84746649452701827	53.681400339973330563	7.326759197624371943
chr1	41800000	42800000	105	0.05525666864390359201	1	92.92286091330015149	52.493701268080669026	7.2452537062604418523
chr1	42000000	43000000	97	0.35686324684012959985	1	93.84746649452701967	52.689890379814737047	7.258780226719551057
chr1	42200000	43200000	98	0.32658950226605021339	1	94.223136710296062066	53.486772429319611444	7.3134651451497060815
chr1	42400000	43400000	91	0.35244283905144357938	1	87.83753021655239702	49.803758799412230624	7.0571778211557224885
chr1	42600000	43600000	92	0.2561674529445581716	1	86.91292463532552764	49.13913012714562317	7.0099308218516410097
chr1	42800000	43800000	94	0.34381794554710565226	1	90.61134696023300682	51.98005797316655087	7.2097196875583554735
chr1	43000000	44000000	101	0.18288357619340478433	1	93.8474664945270401	54.114258098646841572	7.356239399220694311
chr1	43200000	44200000	106	0.0413994384779536595	1	92.814197907544805845	53.323868223703606954	7.302319372891301236
chr1	43400000	44400000	109	0.09069877932760238293	1	98.47049440066136755	56.21593606396043369	7.497728727018631853
chr1	43600000	44600000	107	0.15889120301156642312	1	98.93279719127480826	57.351784694801844117	7.5730961102313922844
chr1	43800000	44800000	99	0.20379549777798139365	1	92.460558122686733316	53.22568761208616956	7.2955937121036399965
chr1	44000000	45000000	86	0.628754507762947501	1	87.83753021655239725	50.01613048552383316	7.072208317458121451
chr1	44200000	45200000	77	0.8358737081940798008	1	83.214502310418066486	47.144169419318828908	6.866161185066865943
chr1	44400000	45400000	77	0.83504418300344396275	1	83.214502310418060435	47.464307644471810183	6.8894344938080230058
chr1	44600000	45600000	79	0.77398346925701233534	1	83.67680510103149152	47.240294817818282058	6.8731575580527965994
chr1	44800000	45800000	88	0.56986530542531077526	1	88.76213579777926685	50.26188996136605057	7.0895620429872853023
chr1	45000000	46000000	96	0.20793632690408828112	1	89.68674137900613001	51.099158016232335937	7.1483675070768665635
chr1	45200000	46200000	96	0.38548292622681168407	1	93.385163703913597597	53.34961104569970061	7.3040818071609589965
chr1	45400000	46400000	92	0.64834465831384591183	1	94.30976928514046725	53.902081833556123022	7.3418037179943814556
chr1	45600000	46600000	97	0.5305491705788614176	1	97.083586028821065375	55.184889423205665947	7.4286532711660238013
chr1	45800000	46800000	100	0.465877294872504788	1	98.87105283355301344	56.288911960751208778	7.5025936822375772837
chr1	46000000	47000000	104	0.31368984109340347644	1	99.857402772501682814	56.58486778351458426	7.522291391824341197
chr1	46200000	47200000	113	0.07779303722629593576	1	101.706613934955419624	57.65327289275663396	7.5929752332505756674
chr1	46400000	47400000	122	0.0020578901560959457842	1	99.85740277250168265	56.717632599498778747	7.531110980426379213
chr1	46600000	47600000	114	0.009645096476800125995	1	96.15898044759421368	54.737269188008207486	7.398463974907778618
chr1	46800000	47800000	108	0.015010358952040371572	1	91.862756093636466326	51.76141801279281934	7.194540847948034226
chr1	47000000	48000000	103	0.0733228750766036913	1	91.998255332073299154	52.233887767961115028	7.2273015550730353505
chr1	47200000	48200000	101	0.0957744314199376473	1	91.073649750846427844	52.00360397024860642	7.2113524369738445353
chr1	47400000	48400000	98	0.2864824709239417455	1	93.38516370391360444	53.482331824117675792	7.3131615477929704894
chr1	47600000	48600000	93	0.5473990017601600977	1	93.38516370391361118	53.458023928984468857	7.3114994309638340324
chr1	47800000	48800000	91	0.65260321154144473876	1	93.3851637039136037	53.56281005142922355	7.3186617664317035682
chr1	48000000	49000000	92	0.5768822489283547128	1	92.92286091330017421	52.764529777923679786	7.2639197254597795968
chr1	48200000	49200000	90	0.7242946597497134098	1	93.84746649452703291	53.007135188485809536	7.280599919545490967
chr1	48400000	49400000	85	0.8045203479202889252	1	90.61134696023298916	50.664635021112862098	7.1179094558102424697
chr1	48600000	49600000	89	0.66374148362545282165	1	91.535952541459857726	51.15879412020512626	7.152537600055320664
chr1	48800000	49800000	92	0.6722023338495678457	1	94.77207207575389646	53.409543783543153128	7.3081833435911522107
chr1	49000000	50000000	89	0.7081011389221996133	1	92.46055812268672412	51.964393441489551126	7.208633257524587866
chr1	49200000	50200000	83	0.6917428296026630896	1	85.9883190540986602	48.187935652325094377	6.941753067656980146
chr1	49400000	50400000	84	0.5887079526903370441	1	85.06371347287179431	47.77374613248596756	6.9118554768228456908
chr1	49600000	50600000	79	0.81132770617161498183	1	84.60141068225835983	47.695516727027657863	6.906194084083335249
chr1	49800000	50800000	78	0.73706303882869927957	1	81.827593938577763456	46.322947849026383467	6.8060963737686218183
chr1	50000000	51000000	84	0.587690603000437517	1	85.06371347287179145	48.86545399789480273	6.9903829650380960178
chr1	50200000	51200000	87	0.62346364666974596336	1	88.762135797779263206	51.055783080163457194	7.1453329579637824736
chr1	50400000	51400000	96	0.37784350131182586896	1	93.232386464939086046	53.65811114127590048	7.3251697005104189245
chr1	50600000	51600000	107	0.12930312064237375891	1	98.00819161004794572	56.44620839770800195	7.5130691729617398718
chr1	50800000	51800000	102	0.32051750851720778313	1	98.00819161004794642	56.384726530230866445	7.5089763969685552904
chr1	51000000	52000000	93	0.5966955583286988052	1	94.30976928514047739	53.794789950465666445	7.334493162479986009
chr1	51200000	52200000	99	0.28311854802236141593	1	94.309769285140468004	53.553897221587921755	7.318052829925998953
chr1	51400000	52400000	89	0.6111731067633727754	1	90.53664780063101981	51.30401366462880001	7.1626820161604828857
chr1	51600000	52600000	85	0.68070164925086484864	1	87.83753021655241832	50.11162819171680464	7.0789567163330504884
chr1	51800000	52800000	82	0.7783093526955344732	1	86.91292463532553551	49.722289405401075432	7.0514033642531807325
chr1	52000000	53000000	93	0.49048180808130548147	1	92.34059007707833233	52.804384163471352765	7.266662518892105035
chr1	52200000	53200000	91	0.71768019560368112586	1	94.77207207575392934	54.713163329766917417	7.396834683144332476
chr1	52400000	53400000	99	0.46389090023729789847	1	97.83247864946881954	56.50900006460105281	7.5172468407390383373
chr1	52600000	53600000	100	0.39648327754856638183	1	97.54588881943452096	56.111498532819367367	7.490760878096387837
chr1	52800000	53800000	102	0.29487369407514174569	1	97.477714039939690055	55.870310358450618708	7.4746444971283161826
chr1	53000000	54000000	99	0.34813491078996994244	1	95.62077709669632329	54.79502219246113682	7.4023659861196498947
chr1	53200000	54200000	101	0.13435438132519902932	1	92.46055812268674006	52.785553962910231666	7.2653667466212764935
chr1	53400000	54400000	100	0.16713463801916689233	1	92.46055812268674884	53.143487036945974682	7.2899579585170430998
chr1	53600000	54600000	94	0.3925952407487249829	1	91.535952541459880194	52.54983345349049389	7.24912639243450451
chr1	53800000	54800000	106	0.15631401378612255759	1	97.87983734146457631	56.92543472924013909	7.544894613527755504
chr1	54000000	55000000	102	0.27778557035767470484	1	97.083586028821068685	56.31582308352381122	7.504386922562282917
chr1	54200000	55200000	97	0.6022033405969354769	1	98.47049440066137367	57.008038672550912934	7.550366790597057672
chr1	54400000	55400000	94	0.7255417293820020097	1	98.008191610047936115	56.28978079372085403	7.502651584188143148
chr1	54600000	55600000	92	0.8232956996096635338	1	98.470494400661370854	56.360850076162188546	7.5073863678488127046
chr1	54800000	55800000	81	0.97502377620090918686	1	94.77207207575389964	53.417765349993575993	7.308745812380779192
chr1	55000000	56000000	76	0.99345084388222026917	1	93.38516370391359827	52.61376671295908747	7.2535347736782159493
chr1	55200000	56200000	73	0.9967794265150634603	1	91.99825533207328812	51.988144181552665975	7.2102804509639336203
chr1	55400000	56400000	75	0.99730428188282993496	1	94.76594145566015499	53.85553704502330897	7.338633186433513858
chr1	55600000	56600000	76	0.99707038705015627045	1	95.69667765698076233	54.52825318651110365	7.384324829428287254
chr1	55800000	56800000	81	0.9745220853194652699	1	94.77207207575390033	53.883606467196012456	7.3405453794112609147
chr1	56000000	57000000	90	0.9048913703041681078	1	99.37015491051706947	56.90744189377123987	7.543702134480870386
chr1	56200000	57200000	91	0.73925754677784905056	1	95.23437486636735494	54.305303974945030157	7.36921325345827064
chr1	56400000	57400000	86	0.8398186063610010299	1	92.718518249441056286	52.749473654087261566	7.2628832879296127078
chr1	56600000	57600000	92	0.71535496772269635546	1	95.69667765698077583	54.091080855694145854	7.354663884617307639
chr1	56800000	57800000	90	0.7449151468229409101	1	94.30976928514048439	53.125378140985804964	7.28871580876808538
chr1	57000000	58000000	86	0.79319551752256334254	1	91.35642328661490087	51.205139720866559017	7.155776667900316676
chr1	57200000	58200000	89	0.8362600547509061455	1	95.696677656980771096	53.990876167797935796	7.3478484039749987072
chr1	57400000	58400000	92	0.6848766934796867156	1	95.059137512574535096	54.27015500741471486	7.366828015327540878
chr1	57600000	58600000	86	0.5006794949974366915	1	85.526016263485245196	49.02773466693853492	7.0019807673927907557
chr1	57800000	58800000	91	0.4033428130977858017	1	88.76213579777927947	51.14452435130872811	7.151539998581335496
chr1	58000000	59000000	89	0.3607452778905064772	1	85.988319054098665266	50.073799248348885387	7.0762842826125128327
chr1	58200000	59200000	95	0.4146367096141344022	1	92.922860913300182516	54.357283346274998907	7.3727392023775667326
chr1	58400000	59400000	101	0.10847524118493585832	1	91.507620335951154196	52.96164794659015812	7.2774753827539779678
chr1	58600000	59600000	105	0.057639364049216899877	1	92.92286091330015739	53.89563416748579572	7.3413645984575507746
chr1	58800000	59800000	98	0.22553882401595534701	1	91.99825533207329321	53.369725862264813195	7.305458634628274534
chr1	59000000	60000000	95	0.36485715173055982552	1	91.99825533207328067	52.8857829748099527	7.272261200947745984
chr1	59200000	60200000	89	0.5139044487190683741	1	88.76213579777925211	50.626428496576120184	7.1152251191776160265
chr1	59400000	60400000	80	0.9135385625014277311	1	89.22443858839269628	51.062218449629550587	7.145783263549878378
chr1	59600000	60600000	82	0.97291382104214030324	1	95.69667765698076895	54.7749230954741321	7.4010082485749285985
chr1	59800000	60800000	90	0.72313186011215335736	1	93.84746649452703882	53.621339983208031413	7.322659351848072375
chr1	60000000	61000000	98	0.50168597279828763824	1	97.54588881943450796	56.25584151016009417	7.5003894239006079873
chr1	60200000	61200000	98	0.28683703466381482716	1	93.385163703913605916	53.679705822099938572	7.326643557735010939
chr1	60400000	61400000	107	0.043011577485542316912	1	93.84746649452702697	54.161314522763033617	7.359437106380014008
chr1	60600000	61600000	102	0.0574289739574620553	1	90.149044169619561226	51.693256170253771092	7.189802234432722635
chr1	60800000	61800000	109	0.072656057836800819194	1	97.54588881943449434	56.451634329490558366	7.5134302638335945606
chr1	61000000	62000000	107	0.14293503259295303742	1	98.47049440066135806	56.565336698393158033	7.5209930659716179554
chr1	61200000	62200000	108	0.1034284242599951692	1	98.00819161004792602	56.45568594798588875	7.51369988407747683
chr1	61400000	62400000	103	0.31746447446438519346	1	98.93279719127480692	56.729909987667949907	7.5319260476765137915
chr1	61600000	62600000	104	0.31560425549187565153	1	99.85740277250167352	57.864413090398510636	7.606866180655376209
chr1	61800000	62800000	82	0.7777561216368452657	1	86.9129246353255325	49.961344442704945942	7.068333922693872415
chr1	62000000	63000000	81	0.89973351863029094044	1	89.68674137900614162	51.621766599713066147	7.1848289193071999095
chr1	62200000	63200000	81	0.95025772683453502143	1	92.46055812268673438	52.995973679389379744	7.279833355193604962
chr1	62400000	63400000	78	0.9501660780110117166	1	89.224438588392700124	50.984634740218819027	7.140352564139870189
chr1	62600000	63600000	74	0.93138376033655034814	1	83.67680510103149629	47.088090686076537954	6.8620762664135800143
chr1	62800000	63800000	85	0.850667836430245794	1	91.99825533207329817	52.056323548559190674	7.215006829418749114
chr1	63000000	64000000	89	0.38400522137687548296	1	86.450621844712096785	48.803274870473902895	6.985934072869132287
chr1	63200000	64200000	86	0.42095168836153101788	1	84.13910789164493181	47.397670983383700945	6.884596646382684121
chr1	63400000	64400000	89	0.37334994941803184565	1	86.259034591414626564	48.619973757172662423	6.9728024321052337144
chr1	63600000	64600000	90	0.45788321363539813413	1	88.76213579777927417	50.429690561900797897	7.101386523905088628
chr1	63800000	64800000	85	0.478296823170691221	1	84.13910789164494741	47.27595636924381183	6.875751331254193331
chr1	64000000	65000000	76	0.807488193513362873	1	81.36529114796433506	45.51373038851015689	6.7463864689558184907
chr1	64200000	65200000	78	0.7381392626535669965	1	81.827593938577764	45.852258235184250732	6.7714295562446967488
chr1	64400000	65400000	79	0.6622669659600922687	1	81.34964881111970857	45.906108665291033587	6.775404686459033466
chr1	64600000	65600000	79	0.5598462579907348413	1	79.516079985510576676	44.3038206210233977	6.656111524082465199
chr1	64800000	65800000	79	0.63884605900765811803	1	80.90298835735088141	45.220113687394594307	6.724590224496552497
chr1	65000000	66000000	80	0.6486475699770923864	1	82.102673532309380595	46.026155188715771324	6.784257895209745881
chr1	65200000	66200000	89	0.08862367849877554604	1	79.516079985510588486	44.25292019687929991	6.652286839642387212
chr1	65400000	66400000	80	0.33556013475613943875	1	76.74226324182999275	42.471142872298315776	6.516988788719704079
chr1	65600000	66600000	82	0.17091589817511890215	1	75.3553548699896842	41.791823519125673954	6.4646595826172992658
chr1	65800000	66800000	93	0.008233347196705615573	1	76.74226324182998074	43.027534330225354828	6.559537661316181118
chr1	66000000	67000000	103	0.0003950697985651557961	0.19753489928257789805	79.95940930806017736	45.0260026124609459	6.7101417729032332197
chr1	66200000	67200000	94	0.05146245467780400512	1	82.28989672919118536	47.11936941640220289	6.864354989101467128
chr1	66400000	67400000	105	0.0033923852377760969207	1	85.52601626348521769	48.966846670307877052	6.997631504324007847
chr1	66600000	67600000	102	0.050320430770864607584	1	89.686741379006133745	51.632469562082422193	7.185573711408325828
chr1	66800000	67800000	92	0.3254412286385297004	1	88.29983300716582915	50.29798545239112588	7.092107264585831536
chr1	67000000	68000000	88	0.38809918429599715717	1	85.52601626348522379	48.783319307010701637	6.984505659458706576
chr1	67200000	68200000	93	0.21219513240070628224	1	86.91292463532552081	48.973672535033082053	6.9981192141198253565
chr1	67400000	68400000	89	0.40972177897379197242	1	86.912924635325528734	49.07995661598917646	7.0057088589227840152
chr1	67600000	68600000	89	0.35824406045421242073	1	85.988319054098657473	48.23139468671664654	6.944882625841609322
chr1	67800000	68800000	91	0.37763773197191036202	1	88.299833007165827094	50.33527010193339828	7.094735379274789998
chr1	68000000	69000000	88	0.56982668631056176967	1	88.762135797779259605	50.31470716402804122	7.0932860624697803894
chr1	68200000	69200000	81	0.8019425494769554241	1	86.45062184471209294	49.079274363324893224	7.005660166131732458
chr1	68400000	69400000	86	0.78022549398348073346	1	91.07364975084642136	51.853896742786319184	7.200964986915734142
chr1	68600000	69600000	89	0.63034610360835241494	1	90.9213328281769591	52.320649266751844315	7.2333014085375872933
chr1	68800000	69800000	92	0.69336079177322995637	1	95.234374866367339424	54.23855318822097201	7.3646828301170561685
chr1	69000000	70000000	100	0.6350167081737189134	1	102.16891672556884481	59.153651597007955013	7.691141111500162497
chr1	69200000	70200000	99	0.66080524239813009935	1	101.70661393495541467	59.285456828276095583	7.6997049831974793384
chr1	69400000	70400000	93	0.6869318795263386068	1	96.15898044759421531	56.005023867289630286	7.483650437272550098
chr1	69600000	70600000	99	0.61432680738018685673	1	100.73487415907907848	58.37173682860559314	7.640139843524174207
chr1	69800000	70800000	96	0.46031509801167858065	1	94.772072075753897996	55.424801891386396045	7.44478353556276316
chr1	70000000	71000000	93	0.372358801175888654	1	90.14904416961956348	52.631139796134260824	7.254732234626875657
chr1	70200000	71200000	93	0.47182137183915556777	1	91.99825533207329579	53.193646997286685812	7.293397493437930386
chr1	70400000	71400000	94	0.5429400756758930857	1	94.30976928514045995	54.366405964814229868	7.373357848688359291
chr1	70600000	71600000	89	0.9066290094857464288	1	98.47049440066136017	57.16826099333688799	7.5609695802414711202
chr1	70800000	71800000	91	0.9283365935478251618	1	101.691340491146516675	58.683443620765547512	7.6605119685805300304
chr1	71000000	72000000	87	0.9452031743595544766	1	98.47049440066137545	56.23797961752548462	7.4991985983520588863
chr1	71200000	72200000	88	0.90123674081226301524	1	97.083586028821073695	55.431780624674877576	7.445252220353241839
chr1	71400000	72400000	88	0.89081967211333978884	1	96.62128323820763036	55.00723174761445292	7.4166860353944100955
chr1	71600000	72600000	84	0.6143545365798580571	1	85.5260162634852328	47.927097192347072833	6.9229399240746754317
chr1	71800000	72800000	76	0.73936096317613908546	1	79.78630900883561462	44.456704701828405602	6.6675861225655275073
chr1	72000000	73000000	83	0.6918823783359757673	1	85.988319054098661845	48.11360408342796661	6.9363970534729315343
chr1	72200000	73200000	82	0.69671523348048625124	1	85.06371347287179803	47.57502861557077703	6.8974653761777432377
chr1	72400000	73400000	84	0.53632612039314120356	1	84.139107891644928455	47.030231038044702174	6.857859071025351872
chr1	72600000	73600000	98	0.2855265504320810277	1	93.38516370391360323	52.951997717928782138	7.276812332191121042
chr1	72800000	73800000	107	0.09163485873857939168	1	96.6212832382076386	55.009059630925419147	7.41680926213728508
chr1	73000000	74000000	100	0.12923611427952394481	1	91.36214010644423275	51.811318614701783455	7.1980079615614335226
chr1	73200000	74200000	97	0.2659697045361482659	1	91.99825533207329716	52.02156768749956245	7.2125978459567231336
chr1	73400000	74400000	99	0.47295904797297938504	1	98.00819161004794965	55.48489683512215452	7.4488184858487560356
chr1	73600000	74600000	90	0.6586743434379158657	1	92.46055812268674433	51.97972431926264449	7.209696548348109532
chr1	73800000	74800000	93	0.66726819002114301504	1	95.69667765698076962	54.219599117077377656	7.363395895718046862
chr1	74000000	75000000	96	0.5332124182498289011	1	96.129514672149997526	54.506375813327434917	7.382843342055107898
chr1	74200000	75200000	101	0.36860655308495593463	1	98.00819161004793113	55.63489400820187963	7.4588802114125602595
chr1	74400000	75400000	97	0.26734881240757923937	1	91.998255332073296364	52.72676074387907542	7.261319490552600346
chr1	74600000	75600000	92	0.32571603586511510553	1	88.29983300716582938	50.46730449737264314	7.1040343817701673015
chr1	74800000	75800000	83	0.54075931161843981965	1	83.21450231041805993	46.84854322744126822	6.8445995666248634257
chr1	75000000	76000000	82	0.71852600041451064605	1	85.52601626348522984	48.173077025017667377	6.940682749198213236
chr1	75200000	76200000	79	0.7746163533807201018	1	83.6768051010314968	46.98105768268676575	6.854272950699203498
chr1	75400000	76400000	80	0.70565784928021368927	1	83.214502310418052976	46.89147332268924342	6.8477349045278646375
chr1	75600000	76600000	81	0.8194359151348468151	1	86.91292463532552165	49.253512934642466308	7.018084705576192054
chr1	75800000	76800000	84	0.8915941472634909548	1	92.4605581226867251	52.733379169462851598	7.2617752078581206654
chr1	76000000	77000000	85	0.86284095784413161745	1	92.460558122686717974	53.055278727192380046	7.2839054584194309165
chr1	76200000	77200000	87	0.8190202245285332916	1	93.21749308042347377	54.22325783908419508	7.363644331381316456
chr1	76400000	77400000	90	0.85307885570892405536	1	97.369699934786344594	56.20839933609407957	7.497226109441683337
chr1	76600000	77600000	98	0.55060770785198009936	1	98.47049440066138185	56.489588066467531422	7.515955565759255566
chr1	76800000	77800000	96	0.33744547276223868515	1	92.46055812268674244	52.84956667708400838	7.269770744465330688
chr1	77000000	78000000	89	0.53971698310758997597	1	89.224438588392713724	50.72008660039608293	7.1218036058568817384
chr1	77200000	78200000	96	0.20596314102253449052	1	89.65233717570241014	50.839782193382659213	7.1302021144833376463
chr1	77400000	78400000	92	0.3245263400904417339	1	88.272255255985076515	50.597486517225958177	7.113191022124033903
chr1	77600000	78600000	90	0.5765049613411749041	1	90.91113461697983889	52.36012219081514362	7.2360294492777697387
chr1	77800000	78800000	86	0.74005776767487974066	1	90.14904416961957435	51.95263979131426983	7.2078179632475645527
chr1	78000000	79000000	91	0.47979985115507556293	1	90.14904416961957371	51.88032187703165125	7.20279958606593824
chr1	78200000	79200000	88	0.5181924375603078614	1	87.83753021655240558	50.220448606612640548	7.086638738260377877
chr1	78400000	79400000	95	0.293046510232114088	1	90.61134696023299829	51.208731386506249686	7.156027626169860566
chr1	78600000	79600000	93	0.2117061850509514842	1	86.87430819137059933	49.440578348063810875	7.031399458718286393
chr1	78800000	79800000	97	0.24616340689180729595	1	91.535952541459864935	52.380910150114393012	7.237465727042470286
chr1	79000000	80000000	92	0.62496879423573203916	1	93.847466494527034306	53.656656788430586696	7.3250704289058263426
chr1	79200000	80200000	97	0.752043764593754549	1	101.70661393495540356	58.24978505373717498	7.6321546796260081418
chr1	79400000	80400000	85	0.9689822379306136657	1	98.47049440066137516	56.440447172177762032	7.5126857495956638764
chr1	79600000	80600000	92	0.9531783352076300675	1	104.48043067863600902	60.260328360395350924	7.7627526277986825284
chr1	79800000	80800000	89	0.9807592988311506499	1	104.48043067863599051	60.11487231493329856	7.7533781227883693714
chr1	80000000	81000000	98	0.78268637931392148754	1	103.555825097409137533	59.9238143485900919	7.741047367675132105
chr1	80200000	81200000	87	0.95600566444171897196	1	99.39509998188821675	57.446936759141840473	7.5793757499639665557
chr1	80400000	81400000	92	0.8331069357803189135	1	98.80621728464164571	57.10282731898815776	7.5566412723503130285
chr1	80600000	81600000	88	0.8530084746952512065	1	95.23437486636733971	54.325640870627330718	7.370592979579548776
chr1	80800000	81800000	93	0.66552534610042179963	1	95.696677656980787915	55.41667090092646029	7.444237429107595322
chr1	81000000	82000000	95	0.7402687611358556019	1	99.395099981888257096	57.495117881175084637	7.58255351983585307
chr1	81200000	82200000	102	0.48597030245041322738	1	101.244311144341993434	58.871185942548915085	7.6727560851723232063
chr1	81400000	82400000	99	0.39670774843124656517	1	96.5514901036952306	56.055530184421545524	7.487024120731917712
chr1	81600000	82600000	94	0.41807054541314803142	1	91.99825533207330849	53.615285914911442425	7.3222459611045190857
chr1	81800000	82800000	92	0.35002363695089255824	1	88.7621357977792585	50.884495226195916008	7.1333368928010063535
chr1	82000000	83000000	86	0.4743029224772158936	1	85.06371347287179796	48.727972066983612033	6.980542390601436068
chr1	82200000	83200000	83	0.5924789978391562517	1	84.139107891644928254	48.233945878536968705	6.9450662976343839005
chr1	82400000	83400000	86	0.756479288275424544	1	90.526377600695779276	52.100158460120543736	7.218043949722150572
chr1	82600000	83600000	88	0.9096959464756494418	1	97.54588881943451647	56.444436191448125864	7.5129512304718261005
chr1	82800000	83800000	97	0.6696002884704792546	1	99.847998282190282636	57.746463684146193848	7.5991094007223105545
chr1	83000000	84000000	94	0.9031599967326446876	1	103.55582509740916062	59.987159993430463033	7.745137829208106677
chr1	83200000	84200000	104	0.65224013664710922544	1	106.58363252273029306	61.520983490539609847	7.8435313150735625687
chr1	83400000	84400000	113	0.36714224141402301838	1	109.80294868422445379	63.673990030641445945	7.979598362739909602
chr1	83600000	84600000	107	0.24467647235814668494	1	101.244311144341988126	57.909251254195331926	7.6098128264889230406
chr1	83800000	84800000	100	0.5075746959170835959	1	99.657500493753206704	56.8802339317367947	7.541898562811408875
chr1	84000000	85000000	99	0.28316652159730032468	1	94.30976928514047786	53.57861080714861545	7.319741170775686345
chr1	84200000	85200000	94	0.34306859599547756545	1	90.60810999664910734	51.56667458041919815	7.180993982758876964
chr1	84400000	85400000	79	0.8415687199672543528	1	85.44518558324457537	48.132923629543935745	6.9377895348261996514
chr1	84600000	85600000	82	0.84730928453118492527	1	88.76213579777925152	50.197870851935017612	7.085045578677318404
chr1	84800000	85800000	85	0.76633488229200286135	1	89.68674137900612291	50.757667265394222012	7.1244415405977065264
chr1	85000000	86000000	91	0.34691474816189071806	1	87.73743098329193951	49.61105870482720275	7.043511816191352337
chr1	85200000	86200000	84	0.562621356846511933	1	84.60141068225836469	47.59349298282952148	6.898803735636311134
chr1	85400000	86400000	95	0.076696488195967818524	1	84.60141068225836191	47.969718539530644387	6.926017509328910467
chr1	85600000	86600000	101	0.050195948854407403117	1	88.762135797779271484	50.902168738258018903	7.1345755822093593476
chr1	85800000	86800000	91	0.21826904359753393492	1	85.063713472871802464	48.87820311261690804	6.991294809448168882
chr1	86000000	87000000	92	0.5463604276871395493	1	92.36554259385193701	53.36031187509445434	7.3048142943605660383
chr1	86200000	87200000	98	0.45243945250251660362	1	96.621283238207645576	55.73312477952720144	7.465462127660095594
chr1	86400000	87400000	102	0.4617992491997601201	1	100.78200835372853826	58.19162518940906714	7.6283435416484139317
chr1	86600000	87600000	99	0.3286178143871215096	1	95.234374866367327114	54.474706397207445785	7.380698232363076757
chr1	86800000	87800000	100	0.30314589035379257975	1	95.69667765698076943	54.69846630264547605	7.395841149094907112
chr1	87000000	88000000	105	0.117389065453847266096	1	95.69667765698076682	54.827326532802274386	7.4045476926549858225
chr1	87200000	88200000	109	0.09149244054500674239	1	98.47049440066136455	56.624178768235187472	7.5249039042525445046
chr1	87400000	88400000	105	0.054538138714527464868	1	92.803331311200935115	53.143984213063628335	7.2899920585048395743
chr1	87600000	88600000	103	0.064860585412411422834	1	91.535952541459870806	52.235215098162684166	7.227393381998982084
chr1	87800000	88800000	108	0.036841214443929105882	1	94.30976928514047234	54.224620481707813794	7.363736855816332998
chr1	88000000	89000000	107	0.09177581477394748666	1	96.62128323820764053	55.079619180265533	7.421564469858463272
chr1	88200000	89200000	97	0.16939656872639227703	1	89.68674137900614082	50.73185659196004046	7.122629892951060844
chr1	88400000	89400000	98	0.3953923344652090499	1	95.56419400938221158	53.899851134226636644	7.341651798759366158
chr1	88600000	89600000	98	0.622342907857862393	1	99.85740277250167757	56.55825712926505469	7.5205223973647638285
chr1	88800000	89800000	91	0.8287039662200699208	1	97.545888819434499885	55.076898375387306563	7.4213811635966594224
chr1	89000000	90000000	92	0.6711976757349283895	1	94.75900683139140883	53.642619520104685135	7.324112200130790264
chr1	89200000	90200000	88	0.879185155453441447	1	96.158980447594211725	54.753281351835473397	7.3995460233608570614
chr1	89400000	90400000	88	0.862211885734825767	1	95.554863723760747364	54.606033994690174622	7.389589568757535171
chr1	89600000	90600000	90	0.6099883747969571113	1	91.53595254145986147	52.399156046667963272	7.2387261342495865467
chr1	89800000	90800000	87	0.6943850196086057691	1	90.149044169619574784	51.189212358316184697	7.154663678910154383
chr1	90000000	91000000	83	0.86590460529872281814	1	90.41634728567600715	51.154802485874962988	7.152258558376854638
chr1	90200000	91200000	87	0.8108621416604379073	1	92.88154781932259469	52.38400311917288667	7.2376794015190315467
chr1	90400000	91400000	84	0.8681254872572929937	1	91.53595254145986143	51.745687846335974795	7.193447563327057074
chr1	90600000	91600000	91	0.79638135287479816515	1	96.62128323820764729	54.447990766791621784	7.3788881795831288896
chr1	90800000	91800000	97	0.71130378567357166464	1	100.73135344533064426	57.354200974988060403	7.5732556390886515752
chr1	91000000	92000000	91	0.8555554406911068943	1	98.45152093259755266	56.225092250839863575	7.4983392995275869666
chr1	91200000	92200000	96	0.62199512371949805534	1	97.84893760576802353	56.446263192628303683	7.5130728196010654455
chr1	91400000	92400000	97	0.648393962119097389	1	99.39509998188826078	57.19618264646022054	7.562815788214084257
chr1	91600000	92600000	85	0.8339908742434797295	1	91.53595254145988737	52.571971737420890282	7.2506531938454269366
chr1	91800000	92800000	86	0.82613311352046958635	1	92.31237026179492617	52.585102167440619516	7.2515586026343756988
chr1	92000000	93000000	97	0.37252337670457141838	1	94.12254608825867086	53.963827894893840718	7.346007616038377122
chr1	92200000	93200000	102	0.18067019903277406478	1	94.77207207575390639	54.33362722385015355	7.37113473108789089
chr1	92400000	93400000	101	0.1089134603207060209	1	91.535952541459874324	52.83073761688320397	7.2684756047525676463
chr1	92600000	93600000	105	0.04382667069043573449	1	91.998255332073295545	53.425306001088525672	7.3092616590931074475
chr1	92800000	93800000	113	0.0070657009162038986183	1	94.309769285140471716	54.760650661333177835	7.4000439634729993834
chr1	93000000	94000000	103	0.042174218235797353294	1	90.0739614669954622	51.678930304373647316	7.188805902538588315
chr1	93200000	94200000	94	0.21162785144125237369	1	87.83753021655240606	50.054312725470022666	7.0749072591426965407
chr1	93400000	94400000	86	0.42083465654919749444	1	84.13910789164493803	47.253862258969917882	6.874144474694281393
chr1	93600000	94600000	84	0.709304237620152378	1	87.375227425938971244	49.11187627351547505	7.0079866062597091017
chr1	93800000	94800000	78	0.7154384572780491114	1	81.36529114796433002	45.82332461253262341	6.7692927704844191804
chr1	94000000	95000000	72	0.93325739165235488404	1	81.706748128283856934	46.476610225799525684	6.817375611318443827
chr1	94200000	95200000	76	0.8944812542103361963	1	84.13910789164491331	47.809252852052482534	6.9144235372193163427
chr1	94400000	95400000	80	0.6071968559867891857	1	81.36529114796430588	46.307968697452887474	6.8049958631473750127
chr1	94600000	95600000	84	0.37587716918627633866	1	81.3652911479643113	46.014840311246515955	6.783423937160828514
chr1	94800000	95800000	82	0.73939052109365499543	1	85.98831905409865449	48.734541137339116065	6.9810129019605110644
chr1	95000000	96000000	88	0.36183153002639872886	1	85.06371347287177808	47.892613928523751928	6.9204489687103214655
chr1	95200000	96200000	85	0.45157766773674490324	1	83.676805101031500315	47.22884865973518345	6.872324836598979003
chr1	95400000	96400000	93	0.5927811116588790341	1	94.22893860489982341	53.378613652369903183	7.306066907192261895
chr1	95600000	96600000	94	0.59234670126970245807	1	95.23437486636734137	54.231973871261285082	7.364236136305060464
chr1	95800000	96800000	91	0.50543541401072245023	1	90.61134696023300171	51.229272444972384252	7.1574627099952385467
chr1	96000000	97000000	87	0.599541726494193572	1	88.29983300716583199	50.149160162485435642	7.0816071736919604176
chr1	96200000	97200000	84	0.5883965424899681995	1	85.06371347287179094	48.10602741147572784	6.9358508786936680967
chr1	96400000	97400000	77	0.69065026225083236966	1	79.863656803916862933	45.336451854434416248	6.7332348729592387693
chr1	96600000	97600000	69	0.9563327319698502471	1	79.97838277612402532	45.366437864499082094	6.735461221364063506
chr1	96800000	97800000	72	0.9170423554295324964	1	80.90298835735089833	46.217264819529370955	6.7983280900181164287
chr1	97000000	98000000	76	0.9730022612013372596	1	89.22443858839271227	51.134679362463936792	7.1508516529476359143
chr1	97200000	98200000	81	0.9435797562625495294	1	91.99825533207330782	52.842919324898695928	7.269313538766827461
chr1	97400000	98400000	82	0.9538154182422673433	1	93.84746649452703798	54.12449992553607674	7.3569354982585022486
chr1	97600000	98600000	82	0.913973909856602873	1	91.38684925180179554	52.568871790792108954	7.2504394205311521212
chr1	97800000	98800000	78	0.98894052153927103355	1	94.309769285140477406	54.554208688057626533	7.386082093238446164
chr1	98000000	99000000	80	0.9517823136462832956	1	91.535952541459867135	52.709124578009020668	7.2601049977262051074
chr1	98200000	99200000	77	0.9711385478539404925	1	90.149044169619573126	52.12284098847377106	7.2196150166386137475
chr1	98400000	99400000	79	0.95379074367446325944	1	90.61134696023300807	52.096976989845858876	7.2178235632249877598
chr1	98600000	99600000	78	0.94203976688560975283	1	88.71226509739237058	51.110371977009148643	7.149151836197714205
chr1	98800000	99800000	84	0.68359593478094760055	1	86.87852043202179633	49.625134823492512585	7.044510971209606441
chr1	99000000	100000000	79	0.7523621527652657459	1	83.21450231041806981	47.595228264470633425	6.8989295013408155153
chr1	99200000	100000000	62	0.773624512114206242	1	66.109299057721013414	37.54752936305890018	6.1276038843139085683
chr1	99400000	100000000	43	0.81551453345673130535	1	47.15488464257023673	26.787495411204270902	5.175663765277287688
chr1	99600000	100000000	31	0.70382964221300781116	1	32.8234981335537949	18.615766159009925264	4.3145991886860041525
chr1	99800000	100000000	14	0.70342251713770653776	1	15.088321466753199656	8.657413662820551284	2.9423483245225319999
