by_chromosomes:
  chr1:
    clt_mean: 9.246127457028573
    clt_pvalue: 0.7118766594453372
    clt_sd: 2.229704870759233
    clt_zscore: -0.5588755145896306
    overlap_count: 8
    query_size: 50000
    reference_size: 20
total:
  clt_mean: 9.246127457028573
  clt_pvalue: 0.7118766594453372
  clt_sd: 2.229704870759233
  clt_zscore: -0.5588755145896306
  overlap_count: 8
  query_size: 50000
  reference_size: 20
