by_chromosomes:
  chr1:
    clt_mean: 23.115318642440624
    clt_pvalue: 0.8784377181828869
    clt_sd: 3.5257664205518435
    clt_zscore: -1.1672125012173964
    overlap_count: 19
    query_size: 50000
    reference_size: 50
total:
  clt_mean: 23.115318642440624
  clt_pvalue: 0.8784377181828869
  clt_sd: 3.5257664205518435
  clt_zscore: -1.1672125012173964
  overlap_count: 19
  query_size: 50000
  reference_size: 50
