by_chromosomes:
  chr1:
    clt_mean: 4623.063728489729
    clt_pvalue: 0.02522412046291424
    clt_sd: 50.57720291697215
    clt_zscore: 1.956143594430982
    overlap_count: 4722
    query_size: 50000
    reference_size: 10000
total:
  clt_mean: 4623.063728489729
  clt_pvalue: 0.02522412046291424
  clt_sd: 50.57720291697215
  clt_zscore: 1.956143594430982
  overlap_count: 4722
  query_size: 50000
  reference_size: 10000
