by_chromosomes:
  chr1:
    clt_mean: 2311.53186424559
    clt_pvalue: 0.15897561830942952
    clt_sd: 35.515125981211916
    clt_zscore: 0.998676895393054
    overlap_count: 2347
    query_size: 50000
    reference_size: 5000
total:
  clt_mean: 2311.53186424559
  clt_pvalue: 0.15897561830942952
  clt_sd: 35.515125981211916
  clt_zscore: 0.998676895393054
  overlap_count: 2347
  query_size: 50000
  reference_size: 5000
