by_chromosomes:
  chr1:
    clt_mean: 46.230637285026134
    clt_pvalue: 0.2248174225237327
    clt_sd: 4.985771663840983
    clt_zscore: 0.7560239355345827
    overlap_count: 50
    query_size: 50000
    reference_size: 100
total:
  clt_mean: 46.230637285026134
  clt_pvalue: 0.2248174225237327
  clt_sd: 4.985771663840983
  clt_zscore: 0.7560239355345827
  overlap_count: 50
  query_size: 50000
  reference_size: 100
