by_chromosomes:
  chr1:
    clt_mean: 9.246127457009685
    clt_pvalue: 0.5439482397093641
    clt_sd: 2.229704870841679
    clt_zscore: -0.11038566593648584
    overlap_count: 9
    query_size: 50000
    reference_size: 20
total:
  clt_mean: 9.246127457009685
  clt_pvalue: 0.5439482397093641
  clt_sd: 2.229704870841679
  clt_zscore: -0.11038566593648584
  overlap_count: 9
  query_size: 50000
  reference_size: 20
