by_chromosomes:
  chr1:
    clt_mean: 4.6230637284694875
    clt_pvalue: 0.19123993096101932
    clt_sd: 1.5766394341175891
    clt_zscore: 0.8733361869140064
    overlap_count: 6
    query_size: 50000
    reference_size: 10
total:
  clt_mean: 4.6230637284694875
  clt_pvalue: 0.19123993096101932
  clt_sd: 1.5766394341175891
  clt_zscore: 0.8733361869140064
  overlap_count: 6
  query_size: 50000
  reference_size: 10
