chr_name	begin	end	overlap_count	p-value	p-value_adjusted	mean	variance	standard_deviation	z-score
chr1	0	1000000	4	0.83056705467253288955	1	5.0853306967477736353	2.7343681244491206393	1.6535924904428904183
chr1	50000	1050000	4	0.83056705467253288955	1	5.0853306967477736353	2.7343681244491206393	1.6535924904428904183
chr1	100000	1100000	5	0.72524428771507520874	1	5.547633487361207474	2.9829470448535863065	1.7271210278534583073
chr1	150000	1150000	5	0.7252442877150750977	1	5.5476334873612070855	2.9829470448535860085	1.7271210278534582212
chr1	200000	1200000	6	0.6083858659241283551	1	6.0099362779746410587	3.2315259652580513462	1.7976445603227717458
chr1	250000	1250000	6	0.6083858659241283551	1	6.0099362779746410587	3.2315259652580513462	1.7976445603227717458
chr1	300000	1300000	6	0.6083858659241283551	1	6.0099362779746410587	3.2315259652580513462	1.7976445603227717458
chr1	350000	1350000	7	0.4913339211727495992	1	6.472239068588074917	3.4801048856625169774	1.8655039227143203672
chr1	400000	1400000	6	0.6083858659241283551	1	6.0099362779746416416	3.231525965258051263	1.7976445603227717227
chr1	450000	1450000	6	0.6083858659241283551	1	6.0099362779746416416	3.231525965258051263	1.7976445603227717227
chr1	500000	1500000	6	0.6083858659241283551	1	6.0099362779746416416	3.231525965258051263	1.7976445603227717227
chr1	550000	1550000	6	0.6083858659241283551	1	6.009936277974641725	3.2315259652580515443	1.797644560322771801
chr1	600000	1600000	5	0.72524428771507520874	1	5.547633487361208265	2.982947044853586487	1.7271210278534583596
chr1	650000	1650000	6	0.6961748244876626579	1	6.4722390685880768044	3.4801048856625178842	1.8655039227143206101
chr1	700000	1700000	5	0.72524428771507520874	1	5.547633487361208619	2.9829470448535868683	1.7271210278534584701
chr1	750000	1750000	5	0.7982808013344169229	1	6.009936277974642505	3.2315259652580520357	1.7976445603227719376
chr1	800000	1800000	5	0.72524428771507531977	1	5.547633487361208619	2.9829470448535868993	1.727121027853458479
chr1	850000	1850000	5	0.6346895884725212156	1	5.085330696747774407	2.7343681244491211963	1.6535924904428905868
chr1	900000	1900000	5	0.6346895884725212156	1	5.085330696747774407	2.7343681244491211963	1.6535924904428905868
chr1	950000	1950000	5	0.5275182721743585379	1	4.623027906134341376	2.4857892040446559732	1.5766385774947459319
chr1	1000000	2000000	5	0.40792905233768184114	1	4.1607251155209069114	2.2372102836401905122	1.4957306855313861991
chr1	1050000	2050000	5	0.40792905233768184114	1	4.1607251155209071195	2.2372102836401903752	1.4957306855313861532
chr1	1100000	2100000	3	0.70707163774628256636	1	3.2361195342940389866	1.740052442831259238	1.31911047408140128
chr1	1150000	2150000	4	0.55164104545946812674	1	3.698422324907473073	1.9886313632357249042	1.4101884140907288366
chr1	1200000	2200000	3	0.70707163774628256636	1	3.2361195342940389866	1.740052442831259238	1.31911047408140128
chr1	1250000	2250000	3	0.70707163774628256636	1	3.2361195342940389866	1.740052442831259238	1.31911047408140128
chr1	1300000	2300000	3	0.70707163774628245534	1	3.2361195342940389866	1.7400524428312593783	1.3191104740814013331
chr1	1350000	2350000	3	0.70707163774628256636	1	3.2361195342940389866	1.7400524428312593652	1.3191104740814013281
chr1	1400000	2400000	3	0.76621332259190100267	1	3.5293390826597883826	1.9474092128701310228	1.3954960454512692824
chr1	1450000	2450000	3	0.8003237284518267547	1	3.6984223249074737391	1.9887187948678423318	1.4102194137324313306
chr1	1500000	2500000	4	0.6666068217548771768	1	4.1607251155209070345	2.2372977152723075506	1.495759912309561648
chr1	1550000	2550000	5	0.40793082423570797834	1	4.1607251155209067014	2.2372977152723073628	1.4957599123095615852
chr1	1600000	2600000	5	0.40793082423570797834	1	4.1607251155209067014	2.2372977152723073628	1.4957599123095615852
chr1	1650000	2650000	4	0.52393013573395674776	1	3.6025623347096127399	1.9723023489025420546	1.404386823102004918
chr1	1700000	2700000	4	0.55163933068546888716	1	3.6984223249074728024	1.9887187948678419025	1.4102194137324311784
chr1	1750000	2750000	5	0.28437272795619084054	1	3.6984223249074731077	1.9887187948678420209	1.4102194137324312204
chr1	1800000	2800000	5	0.28437272795619084054	1	3.6984223249074731077	1.9887187948678420209	1.4102194137324312204
chr1	1850000	2850000	6	0.18552434306116802332	1	4.1607251155209065904	2.2372977152723073466	1.4957599123095615797
chr1	1900000	2900000	6	0.18552434306116807883	1	4.1607251155209069235	2.237297715272307423	1.4957599123095616053
chr1	1950000	2950000	7	0.116976498452328492306	1	4.6230279061343405927	2.4858766356767727649	1.5766663044781456751
chr1	2000000	3000000	7	0.19619993222171175362	1	5.085330696747774438	2.734455556081238454	1.653618927105407334
chr1	2050000	3050000	7	0.19619993222171175362	1	5.085330696747774438	2.734455556081238454	1.653618927105407334
chr1	2100000	3100000	8	0.20353096549910459911	1	6.0099362779746424417	3.23161339689016931	1.7976688785452590435
chr1	2150000	3150000	7	0.28991534009256997306	1	5.5476334873612085877	2.9830344764857039024	1.7271463390476511393
chr1	2200000	3200000	7	0.39069612232081663006	1	6.009936277974642636	3.2316133968901695898	1.7976688785452591213
chr1	2250000	3250000	8	0.2900579398033829026	1	6.472239068588075662	3.4801923172946344276	1.8655273563511831889
chr1	2300000	3300000	8	0.3831083741462585901	1	6.934541859201508957	3.7287712376990995611	1.9310026508783201464
chr1	2350000	3350000	8	0.3831083741462586456	1	6.934541859201509734	3.7287712376990998042	1.9310026508783202093
chr1	2400000	3400000	8	0.28383011137268554513	1	6.438978305492592857	3.4764909313992886088	1.8645350442936943117
chr1	2450000	3450000	8	0.20352754594899419294	1	6.0099362779746411767	3.2315259652580513648	1.797644560322771751
chr1	2500000	3500000	7	0.28991237570018085767	1	5.54763348736120771	2.9829470448535864036	1.7271210278534583355
chr1	2550000	3550000	6	0.39891269261656309153	1	5.0853306967477736353	2.7343681244491208381	1.6535924904428904784
chr1	2600000	3600000	6	0.39891269261656309153	1	5.0853306967477736353	2.7343681244491208381	1.6535924904428904784
chr1	2650000	3650000	6	0.3751744426074460903	1	4.9860815752904368743	2.717034906513047627	1.6483430791291743786
chr1	2700000	3700000	7	0.19619578240470672559	1	5.0853306967477736353	2.7343681244491206393	1.6535924904428904183
chr1	2750000	3750000	6	0.28833983250100508888	1	4.6230279061343399327	2.4857892040446553617	1.5766385774947457379
chr1	2800000	3800000	6	0.39891269261656314704	1	5.0853306967477734132	2.734368124449120593	1.6535924904428904043
chr1	2850000	3850000	5	0.5275182721743584269	1	4.6230279061343402657	2.4857892040446555773	1.5766385774947458063
chr1	2900000	3900000	5	0.5275182721743584269	1	4.6230279061343402657	2.4857892040446555773	1.5766385774947458063
chr1	2950000	3950000	4	0.6666106399568969554	1	4.160725115520906176	2.2372102836401899265	1.4957306855313860033
chr1	3000000	4000000	4	0.5516410454594679047	1	3.6984223249074722473	1.988631363235724427	1.4101884140907286673
chr1	3050000	4050000	5	0.40792905233768178563	1	4.160725115520906398	2.237210283640189928	1.4957306855313860038
chr1	3100000	4100000	4	0.41800450186856813461	1	3.2361195342940386535	1.7400524428312591207	1.3191104740814012354
chr1	3150000	4150000	5	0.28436795827766814249	1	3.6984223249074720079	1.98863136323572434	1.4101884140907286365
chr1	3200000	4200000	5	0.1694695620213636511	1	3.2361195342940384315	1.7400524428312591146	1.3191104740814012332
chr1	3250000	4250000	4	0.41800450186856813461	1	3.2361195342940385009	1.7400524428312589095	1.3191104740814011554
chr1	3300000	4300000	5	0.1694695620213636511	1	3.2361195342940386535	1.7400524428312591207	1.3191104740814012354
chr1	3350000	4350000	4	0.5516410454594679047	1	3.698422324907472268	1.9886313632357245588	1.410188414090728714
chr1	3400000	4400000	4	0.6666106399568970664	1	4.1607251155209067934	2.2372102836401903038	1.4957306855313861293
chr1	3450000	4450000	5	0.5275182721743585379	1	4.6230279061343405294	2.4857892040446556683	1.5766385774947458352
chr1	3500000	4500000	5	0.5275182721743585379	1	4.6230279061343405294	2.4857892040446556683	1.5766385774947458352
chr1	3550000	4550000	7	0.289920295106121384	1	5.5476334873612085296	2.9831806193929502787	1.7271886461510075243
chr1	3600000	4600000	7	0.289920295106121384	1	5.5476334873612085296	2.9831806193929502787	1.7271886461510075243
chr1	3650000	4650000	7	0.289920295106121384	1	5.5476334873612085296	2.9831806193929502787	1.7271886461510075243
chr1	3700000	4700000	6	0.3989169286798326941	1	5.0853306967477744744	2.7346016989884846125	1.6536631153256350637
chr1	3750000	4750000	6	0.3989169286798326941	1	5.0853306967477744744	2.7346016989884846125	1.6536631153256350637
chr1	3800000	4800000	6	0.2883495767231331608	1	4.623027906134340714	2.4860227785840192994	1.5767126493384960789
chr1	3850000	4850000	7	0.2899202951061214395	1	5.5476334873612087517	2.9831806193929504454	1.7271886461510075725
chr1	3900000	4900000	7	0.2899202951061214395	1	5.547633487361208724	2.9831806193929502706	1.7271886461510075219
chr1	3950000	4950000	7	0.2899202951061214395	1	5.547633487361208724	2.9831806193929502706	1.7271886461510075219
chr1	4000000	5000000	7	0.2899202951061214395	1	5.547633487361208724	2.9831806193929502706	1.7271886461510075219
chr1	4050000	5050000	7	0.39069853806202442525	1	6.009936277974641739	3.2317595397974166864	1.7977095259794939092
chr1	4100000	5100000	7	0.39069853806202442525	1	6.009936277974641739	3.2317595397974166864	1.7977095259794939092
chr1	4150000	5150000	6	0.5079121502324541737	1	5.547633487361208584	2.9831806193929515485	1.7271886461510078918
chr1	4200000	5200000	6	0.5079121502324541737	1	5.547633487361208584	2.9831806193929515485	1.7271886461510078918
chr1	4250000	5250000	6	0.39891692867983274962	1	5.0853306967477747615	2.7346016989884859725	1.6536631153256354748
chr1	4300000	5300000	5	0.5275161017834442134	1	4.6230279061343406265	2.486022778584020368	1.5767126493384964177
chr1	4350000	5350000	6	0.18553313526003917255	1	4.1607251155209071906	2.2374438581795549812	1.4958087639065212341
chr1	4400000	5400000	6	0.10054570279897426244	1	3.6984223249074734616	1.9888649377750895132	1.410271228443340793
chr1	4450000	5450000	5	0.16948858192109214627	1	3.23611953429403916	1.7402860173706239729	1.3191990059769693341
chr1	4500000	5500000	5	0.16948858192109214627	1	3.23611953429403916	1.7402860173706239729	1.3191990059769693341
chr1	4550000	5550000	3	0.58318572237011923054	1	2.7738167436806052055	1.4914735224267949296	1.2212589907250611228
chr1	4600000	5600000	3	0.58318572237011923054	1	2.7738167436806052055	1.4914735224267949296	1.2212589907250611228
chr1	4650000	5650000	3	0.58318572237011923054	1	2.7738167436806052055	1.4914735224267949296	1.2212589907250611228
chr1	4700000	5700000	3	0.58318572237011923054	1	2.7738167436806052055	1.4914735224267949296	1.2212589907250611228
chr1	4750000	5750000	3	0.58318572237011923054	1	2.7738167436806052055	1.4914735224267949296	1.2212589907250611228
chr1	4800000	5800000	4	0.5516410454583936529	1	3.6984223249074728718	1.9886313632905051776	1.4101884141101518699
chr1	4850000	5850000	4	0.41800450186984416945	1	3.2361195342940383204	1.7400524428860395215	1.31911047410216538
chr1	4900000	5900000	4	0.41800450186984416945	1	3.2361195342940387645	1.7400524428860396418	1.3191104741021654255
chr1	4950000	5950000	4	0.41800450186984416945	1	3.2361195342940387645	1.7400524428860396418	1.3191104741021654255
chr1	5000000	6000000	4	0.5516410454583936529	1	3.6984223249074722611	1.9886313632905051315	1.4101884141101518537
chr1	5050000	6050000	3	0.58318572236783827734	1	2.7738167436806046365	1.4914735224815729032	1.2212589907474879684
chr1	5100000	6100000	3	0.7070716377424741683	1	3.2361195342940383066	1.7400524428860384339	1.3191104741021649676
chr1	5150000	6150000	3	0.7070716377424741683	1	3.2361195342940383066	1.7400524428860384339	1.3191104741021649676
chr1	5200000	6200000	3	0.80032999311444597	1	3.698422324907472844	1.9886313632905041303	1.4101884141101514986
chr1	5250000	6250000	3	0.80032999311444597	1	3.698422324907472844	1.9886313632905041303	1.4101884141101514986
chr1	5300000	6300000	3	0.8671896696957247519	1	4.1607251155209064013	2.2372102836949695592	1.4957306855496980006
chr1	5350000	6350000	3	0.8671896696957247519	1	4.1607251155209068454	2.2372102836949697845	1.4957306855496980759
chr1	5400000	6400000	3	0.9134114345052566364	1	4.6230279061343404045	2.4857892040994350722	1.5766385775121180486
chr1	5450000	6450000	4	0.83056705466977764907	1	5.0853306967477737693	2.734368124503900221	1.6535924904594542276
chr1	5500000	6500000	4	0.83056705466977753805	1	5.0853306967477736582	2.734368124503900188	1.6535924904594542178
chr1	5550000	6550000	4	0.83056705466977764907	1	5.0853306967477738803	2.7343681245039001884	1.6535924904594542179
chr1	5600000	6600000	4	0.88322843814888218894	1	5.5476334873612074814	2.982947044908365368	1.7271210278693167969
chr1	5650000	6650000	4	0.88322843814888218894	1	5.5476334873612077035	2.9829470449083655011	1.7271210278693168355
chr1	5700000	6700000	5	0.79828080133217160785	1	6.009936277974640779	3.2315259653128304879	1.797644560338008112
chr1	5750000	6750000	5	0.85500634402496744624	1	6.4722390685880742322	3.4801048857172960517	1.8655039227290024789
chr1	5800000	6800000	5	0.79828080133441658983	1	6.009936277974639865	3.2315259652580507943	1.7976445603227715923
chr1	5850000	6850000	4	0.88322843815126172995	1	5.5476334873612060724	2.9829470448535852617	1.727121027853458005
chr1	5900000	6900000	4	0.88322843815126172995	1	5.5476334873612060724	2.9829470448535852617	1.727121027853458005
chr1	5950000	6950000	4	0.88322843815126172995	1	5.5476334873612058503	2.9829470448535852535	1.7271210278534580026
chr1	6000000	7000000	4	0.88322843815126172995	1	5.5476334873612063855	2.982947044853585524	1.7271210278534580809
chr1	6050000	7050000	4	0.8832284381512616189	1	5.5476334873612060308	2.9829470448535854712	1.7271210278534580656
chr1	6100000	7100000	4	0.8305670546725326675	1	5.085330696747772192	2.7343681244491200646	1.6535924904428902445
chr1	6150000	7150000	4	0.8305670546725327785	1	5.0853306967477723585	2.7343681244491200265	1.653592490442890233
chr1	6200000	7200000	5	0.6346895884725208825	1	5.0853306967477720254	2.7343681244491198008	1.6535924904428901647
chr1	6250000	7250000	5	0.6346895884725208825	1	5.0853306967477720254	2.7343681244491198008	1.6535924904428901647
chr1	6300000	7300000	5	0.52751827217435820483	1	4.6230279061343381147	2.4857892040446543389	1.5766385774947454135
chr1	6350000	7350000	4	0.66661063995689673334	1	4.1607251155209041913	2.2372102836401891182	1.495730685531385733
chr1	6400000	7400000	4	0.55164104545946768265	1	3.6984223249074707658	1.9886313632357237229	1.4101884140907284177
chr1	6450000	7450000	3	0.80032999311837083045	1	3.6984223249074716193	1.9886313632357241078	1.4101884140907285541
chr1	6500000	7500000	3	0.80032999311837083045	1	3.6984223249074716193	1.9886313632357241078	1.4101884140907285541
chr1	6550000	7550000	3	0.7070716377462822333	1	3.2361195342940377792	1.7400524428312586588	1.3191104740814010605
chr1	6600000	7600000	3	0.5831857223701190085	1	2.7738167436806042132	1.4914735224267933521	1.2212589907250604769
chr1	6650000	7650000	3	0.5831857223701190085	1	2.7738167436806042132	1.4914735224267933521	1.2212589907250604769
chr1	6700000	7700000	2	0.76183619112715439403	1	2.3115139530671702933	1.242894602022327909	1.114851829626846829
chr1	6750000	7750000	2	0.6289357663986354652	1	1.8492111624537364012	0.99431568161786234553	0.9971537903542574137
chr1	6800000	7800000	1	0.95505422093829028807	1	2.311513953067170446	1.2428946020223279896	1.1148518296268468651
chr1	6850000	7850000	2	0.85116142550567230884	1	2.7738167436806046018	1.4914735224267936045	1.2212589907250605803
chr1	6900000	7900000	2	0.90879734060942785057	1	3.2361195342940380013	1.7400524428312586912	1.3191104740814010727
chr1	6950000	7950000	2	0.9087973406094280726	1	3.2361195342940385009	1.7400524428312589095	1.3191104740814011554
chr1	7000000	8000000	2	0.8511614255056720868	1	2.7738167436806045463	1.4914735224267934299	1.2212589907250605088
chr1	7050000	8050000	3	0.70707163774628245534	1	3.2361195342940385009	1.7400524428312589095	1.3191104740814011554
chr1	7100000	8100000	3	0.70707163774628245534	1	3.2361195342940385009	1.7400524428312589095	1.3191104740814011554
chr1	7150000	8150000	3	0.70707163774628245534	1	3.2361195342940385425	1.7400524428312591175	1.3191104740814012342
chr1	7200000	8200000	4	0.66661063995689684436	1	4.1607251155209065575	2.2372102836401918167	1.4957306855313866351
chr1	7250000	8250000	4	0.66661063995689684436	1	4.1607251155209062244	2.2372102836401917406	1.4957306855313866096
chr1	7300000	8300000	4	0.66661063995689684436	1	4.1607251155209062244	2.2372102836401917406	1.4957306855313866096
chr1	7350000	8350000	4	0.66661063995689684436	1	4.1607251155209062244	2.2372102836401917406	1.4957306855313866096
chr1	7400000	8400000	5	0.52751827217435831585	1	4.6230279061343401356	2.4857892040446569518	1.5766385774947462422
chr1	7450000	8450000	5	0.52751827217435831585	1	4.623027906134340132	2.4857892040446569097	1.5766385774947462288
chr1	7500000	8500000	5	0.52751827217435831585	1	4.623027906134340132	2.4857892040446569097	1.5766385774947462288
chr1	7550000	8550000	5	0.52751827217435831585	1	4.623027906134340132	2.4857892040446569097	1.5766385774947462288
chr1	7600000	8600000	5	0.52751827217435831585	1	4.623027906134340132	2.4857892040446569097	1.5766385774947462288
chr1	7650000	8650000	6	0.39891269261656314704	1	5.0853306967477733464	2.73436812444912212	1.653592490442890866
chr1	7700000	8700000	6	0.39891269261656320255	1	5.0853306967477737905	2.734368124449122232	1.6535924904428908999
chr1	7750000	8750000	6	0.39891269261656320255	1	5.085330696747773735	2.7343681244491223014	1.6535924904428909208
chr1	7800000	8800000	6	0.18551908302965738895	1	4.1607251155209063424	2.2372102836401913366	1.4957306855313864747
chr1	7850000	8850000	6	0.18551908302965733344	1	4.1607251155209063562	2.2372102836401914752	1.495730685531386521
chr1	7900000	8900000	6	0.1005305242675810784	1	3.6984223249074724242	1.9886313632357261123	1.4101884140907292649
chr1	7950000	8950000	6	0.18551908302965733344	1	4.1607251155209063424	2.2372102836401913366	1.4957306855313864747
chr1	8000000	9000000	6	0.18551908302965733344	1	4.1607251155209060093	2.2372102836401912603	1.4957306855313864491
chr1	8050000	9050000	5	0.2843679582776682535	1	3.6984223249074719524	1.9886313632357258467	1.4101884140907291707
chr1	8100000	9100000	5	0.2843679582776682535	1	3.6984223249074719524	1.9886313632357258467	1.4101884140907291707
chr1	8150000	9150000	5	0.2843679582776682535	1	3.6984223249074719524	1.9886313632357258467	1.4101884140907291707
chr1	8200000	9200000	3	0.42958512930585668332	1	2.3115139530671704599	1.2428946020223280098	1.1148518296268468742
chr1	8250000	9250000	3	0.42958512930585668332	1	2.3115139530671704599	1.2428946020223280098	1.1148518296268468742
chr1	8300000	9300000	3	0.42958512930585668332	1	2.3115139530671704599	1.2428946020223280098	1.1148518296268468742
chr1	8350000	9350000	4	0.2759845362415941361	1	2.7738167436806046018	1.4914735224267936351	1.2212589907250605928
chr1	8400000	9400000	3	0.42958512930585668332	1	2.3115139530671704599	1.2428946020223280098	1.1148518296268468742
chr1	8450000	9450000	3	0.2581868883819378735	1	1.8492111624537364289	0.99431568161786239285	0.9971537903542574374
chr1	8500000	9500000	3	0.2581868883819378735	1	1.8492111624537364289	0.99431568161786239285	0.9971537903542574374
chr1	8550000	9550000	3	0.2581868883819378735	1	1.8492111624537364289	0.99431568161786239285	0.9971537903542574374
chr1	8600000	9600000	3	0.4295851293058566278	1	2.3115139530671701823	1.2428946020223278858	1.1148518296268468186
chr1	8650000	9650000	2	0.6289357663986354652	1	1.8492111624537365122	0.9943156816178624892	0.99715379035425748575
chr1	8700000	9700000	2	0.6289357663986354652	1	1.8492111624537365122	0.9943156816178624892	0.99715379035425748575
chr1	8750000	9750000	2	0.6289357663986354652	1	1.8492111624537365122	0.9943156816178624892	0.99715379035425748575
chr1	8800000	9800000	2	0.6289357663986354652	1	1.8492111624537365122	0.9943156816178624892	0.99715379035425748575
chr1	8850000	9850000	3	0.4295851293058565723	1	2.3115139530671701268	1.2428946020223277902	1.1148518296268467757
chr1	8900000	9900000	3	0.4295851293058566278	1	2.3115139530671702378	1.2428946020223277957	1.1148518296268467782
chr1	8950000	9950000	3	0.2581868883819378735	1	1.8492111624537363179	0.99431568161786224925	0.9971537903542573654
chr1	9000000	10000000	3	0.42958512930585668332	1	2.3115139530671702378	1.2428946020223277957	1.1148518296268467782
chr1	9050000	10050000	4	0.2759845362415940806	1	2.7738167436806041577	1.4914735224267932479	1.2212589907250604343
chr1	9100000	10100000	5	0.1694695620213636511	1	3.2361195342940384453	1.7400524428312588669	1.3191104740814011393
chr1	9150000	10150000	5	0.1694695620213636511	1	3.2361195342940384453	1.7400524428312588669	1.3191104740814011393
chr1	9200000	10200000	6	0.100530524267580995135	1	3.69842232490747223	1.988631363235724387	1.4101884140907286532
chr1	9250000	10250000	7	0.0580362448865428468	1	4.1607251155209057595	2.2372102836401896184	1.4957306855313859003
chr1	9300000	10300000	7	0.0580362448865428468	1	4.160725115520906176	2.2372102836401898888	1.4957306855313859907
chr1	9350000	10350000	6	0.100530524267580995135	1	3.698422324907472452	1.9886313632357244139	1.4101884140907286628
chr1	9400000	10400000	6	0.100530524267580995135	1	3.698422324907472452	1.9886313632357244139	1.4101884140907286628
chr1	9450000	10450000	6	0.100530524267580995135	1	3.698422324907472452	1.9886313632357244139	1.4101884140907286628
chr1	9500000	10500000	6	0.100530524267580995135	1	3.698422324907472452	1.9886313632357244139	1.4101884140907286628
chr1	9550000	10550000	7	0.0580362448865428468	1	4.1607251155209060926	2.2372102836401896945	1.4957306855313859257
chr1	9600000	10600000	7	0.0580362448865428468	1	4.16072511552090662	2.237210283640190168	1.495730685531386084
chr1	9650000	10650000	7	0.0580362448865428468	1	4.16072511552090662	2.237210283640190168	1.495730685531386084
chr1	9700000	10700000	7	0.0580362448865428468	1	4.16072511552090662	2.237210283640190168	1.495730685531386084
chr1	9750000	10750000	7	0.0580362448865428468	1	4.16072511552090662	2.237210283640190168	1.495730685531386084
chr1	9800000	10800000	7	0.0580362448865428468	1	4.16072511552090662	2.237210283640190168	1.495730685531386084
chr1	9850000	10850000	6	0.100530524267580995135	1	3.698422324907472629	1.9886313632357248941	1.410188414090728833
chr1	9900000	10900000	6	0.100530524267580995135	1	3.698422324907472629	1.9886313632357248941	1.410188414090728833
chr1	9950000	10950000	6	0.100530524267580995135	1	3.698422324907472629	1.9886313632357248941	1.410188414090728833
chr1	10000000	11000000	6	0.04125792813092183514	1	3.2361195342940388756	1.7400524428312591531	1.3191104740814012478
chr1	10050000	11050000	6	0.10053052461174806498	1	3.6984223249074726879	1.9886313685319330004	1.4101884159685658829
chr1	10100000	11100000	5	0.16946956245263222751	1	3.2361195342940385425	1.7400524481274673831	1.3191104760888935428
chr1	10150000	11150000	5	0.2843679585665934706	1	3.6984223249074725769	1.9886313685319329314	1.4101884159685658584
chr1	10200000	11200000	4	0.41800450199193628364	1	3.2361195342940389033	1.7400524481274675451	1.3191104760888936042
chr1	10250000	11250000	4	0.41800450199193622813	1	3.2361195342940389033	1.7400524481274675451	1.3191104760888936042
chr1	10300000	11300000	4	0.41800450199193622813	1	3.2361195342940389033	1.7400524481274675451	1.3191104760888936042
chr1	10350000	11350000	4	0.41800450199193622813	1	3.2361195342940389033	1.7400524481274675451	1.3191104760888936042
chr1	10400000	11400000	6	0.18551908334828592917	1	4.1607251155209067413	2.237210288936398368	1.4957306873018278647
chr1	10450000	11450000	6	0.18551908334828592917	1	4.1607251155209069634	2.2372102889363984426	1.4957306873018278897
chr1	10500000	11500000	6	0.2883398327219515167	1	4.6230279061343413187	2.4857892093408641323	1.5766385791743344665
chr1	10550000	11550000	5	0.4079290524450153721	1	4.160725115520907713	2.2372102889363988656	1.495730687301828031
chr1	10600000	11600000	5	0.2843679585665935261	1	3.6984223249074733887	1.9886313685319331283	1.4101884159685659282
chr1	10650000	11650000	5	0.63468958700892885716	1	5.085330696747775625	2.7343681748287446084	1.6535925056762759193
chr1	10700000	11700000	5	0.63468958700892885716	1	5.085330696747775625	2.7343681748287446084	1.6535925056762759193
chr1	10750000	11750000	5	0.7982807992695973853	1	6.0099362779746423498	3.2315260156401231027	1.7976445743361291892
chr1	10800000	11800000	5	0.7982807992695973853	1	6.0099362779746423498	3.2315260156401231027	1.7976445743361291892
chr1	10850000	11850000	4	0.8832284359628468362	1	5.5476334873612094117	2.9829470952356580376	1.7271210424390231595
chr1	10900000	11900000	5	0.7982807992695972743	1	6.0099362779746428424	3.2315260156401232094	1.7976445743361292189
chr1	10950000	11950000	5	0.7982807992695972743	1	6.0099362779746428424	3.2315260156401232094	1.7976445743361292189
chr1	11000000	12000000	5	0.7982807992695973853	1	6.0099362779746422387	3.2315260156401229114	1.7976445743361291361
chr1	11050000	12050000	4	0.8305670524047717995	1	5.0853306967477751362	2.7343681695349840023	1.6535925040755911706
chr1	11100000	12100000	4	0.8832284361928949279	1	5.5476334873612085964	2.9829470899394492397	1.7271210409057754397
chr1	11150000	12150000	5	0.7252442859624059768	1	5.5476334873612089295	2.9829470899394495871	1.7271210409057755402
chr1	11200000	12200000	7	0.49133392115766050257	1	6.472239068588076647	3.480104930748380487	1.8655039347984180778
chr1	11250000	12250000	6	0.69617482314980427827	1	6.4722390685880768135	3.480104930748380305	1.8655039347984180291
chr1	11300000	12300000	7	0.5860324417804014807	1	6.934541859201510632	3.728683851152846108	1.9309800234991676651
chr1	11350000	12350000	7	0.6708976590376515281	1	7.3968446498149431345	3.9772627715573109592	1.9943075920121527129
chr1	11400000	12400000	5	0.85500634230662753144	1	6.47223906858807626	3.4801049307483802782	1.8655039347984180219
chr1	11450000	12450000	5	0.85500634230662753144	1	6.47223906858807626	3.4801049307483802782	1.8655039347984180219
chr1	11500000	12500000	5	0.8977079749573398937	1	6.934541859201510369	3.7286838511528460763	1.9309800234991676568
chr1	11550000	12550000	5	0.9514647636428326116	1	7.859147440428376745	4.2258417672405588026	2.055685230583845685
chr1	11600000	12600000	5	0.9514647636428325006	1	7.8591474404283766897	4.2258417672405584613	2.055685230583845602
chr1	11650000	12650000	5	0.8550063411544028824	1	6.472239068588075278	3.4801049609437476823	1.8655039428915039638
chr1	11700000	12700000	5	0.8550063411544028824	1	6.472239068588075119	3.4801049609437475355	1.8655039428915039245
chr1	11750000	12750000	5	0.72524428478868530057	1	5.5476334873612075382	2.9829471201323689102	1.727121049646598717
chr1	11800000	12800000	5	0.72524428478868530057	1	5.5476334873612075382	2.9829471201323689102	1.727121049646598717
chr1	11850000	12850000	5	0.7252442847886854116	1	5.5476334873612073856	2.9829471201323689896	1.72712104964659874
chr1	11900000	12900000	4	0.8305670508861063839	1	5.0853306967477746653	2.7343681997279039159	1.6535925132050833992
chr1	11950000	12950000	4	0.8305670508861063839	1	5.0853306967477746653	2.7343681997279039159	1.6535925132050833992
chr1	12000000	13000000	4	0.8305670508861063839	1	5.0853306967477746653	2.7343681997279039159	1.6535925132050833992
chr1	12050000	13050000	4	0.8305670508861063839	1	5.0853306967477746653	2.7343681997279039159	1.6535925132050833992
chr1	12100000	13100000	4	0.75933888122828197	1	4.6230279061343403178	2.4857892793234381472	1.5766386013679349679
chr1	12150000	13150000	3	0.8671896650499772985	1	4.160725115520906358	2.2372103589189725815	1.4957307106959369314
chr1	12200000	13200000	1	0.9930128138016812711	1	3.6984223249074727538	1.9886314385145074209	1.4101884407817656696
chr1	12250000	13250000	1	0.9870053515689800605	1	3.2361195342940389102	1.7400525181100418733	1.3191105026153198942
chr1	12300000	13300000	0	1.0000000000000008882	1	2.773816743680604574	1.4914735977055761615	1.2212590215452151007
chr1	12350000	13350000	0	1.0000000000000011102	1	2.3115139530671707513	1.2428946773011107358	1.114851863388634578
chr1	12400000	13400000	0	1.0000000000000011102	1	2.3115139530671707513	1.2428946773011107358	1.114851863388634578
chr1	12450000	13450000	0	1.0000000000000008882	1	2.3115139530671706958	1.2428946773011106402	1.1148518633886345351
chr1	12500000	13500000	0	1.0000000000000011102	1	1.3869083718403024119	0.7457367612133968545	0.86356051392672931457
chr1	12550000	13550000	1	0.7108817110178999865	1	0.92460558122686847815	0.49715784080893131767	0.7050942070453644832
chr1	12600000	13600000	1	0.7108817110178998755	1	0.92460558122686842264	0.49715784080893131734	0.705094207045364483
chr1	12650000	13650000	2	0.4435613273902866971	1	1.3869083718403025229	0.74573676121339687537	0.86356051392672932666
chr1	12700000	13700000	2	0.4435613273902866971	1	1.3869083718403025229	0.74573676121339687537	0.86356051392672932666
chr1	12750000	13750000	2	0.4435613273902866971	1	1.3869083718403025229	0.74573676121339687537	0.86356051392672932666
chr1	12800000	13800000	3	0.258186888381937929	1	1.8492111624537366232	0.994315681617862348	0.99715379035425741496
chr1	12850000	13850000	3	0.258186888381937929	1	1.8492111624537366232	0.994315681617862348	0.99715379035425741496
chr1	12900000	13900000	3	0.258186888381937929	1	1.8492111624537366232	0.994315681617862348	0.99715379035425741496
chr1	12950000	13950000	3	0.258186888381937929	1	1.8492111624537366232	0.994315681617862348	0.99715379035425741496
chr1	13000000	14000000	3	0.258186888381937929	1	1.8492111624537366232	0.994315681617862348	0.99715379035425741496
chr1	13050000	14050000	3	0.258186888381937929	1	1.8492111624537366232	0.994315681617862348	0.99715379035425741496
chr1	13100000	14100000	3	0.5831857179467923036	1	2.77381674368060447	1.4914736286622383159	1.2212590342192921997
chr1	13150000	14150000	3	0.5831857179467923036	1	2.773816743680604581	1.4914736286622383577	1.2212590342192922168
chr1	13200000	14200000	3	0.7070716303611643827	1	3.2361195342940384245	1.7400525490667037509	1.3191105143492351645
chr1	13250000	14250000	3	0.7070716303611643827	1	3.2361195342940383135	1.7400525490667035918	1.3191105143492351042
chr1	13300000	14300000	4	0.55164104337589969784	1	3.698422324907472452	1.9886314694711692968	1.4101884517578383916
chr1	13350000	14350000	4	0.6666106353175190735	1	4.160725115520907031	2.2372103898756348788	1.4957307210442777019
chr1	13400000	14400000	4	0.6666106353175190735	1	4.160725115520907031	2.2372103898756348788	1.4957307210442777019
chr1	13450000	14450000	4	0.6666106353175190735	1	4.160725115520907031	2.2372103898756348788	1.4957307210442777019
chr1	13500000	14500000	4	0.6666106353175190735	1	4.160725115520907031	2.2372103898756348788	1.4957307210442777019
chr1	13550000	14550000	3	0.8003299855063704671	1	3.698422324907472674	1.9886314694711693237	1.4101884517578384012
chr1	13600000	14600000	3	0.8003299855063704671	1	3.698422324907472674	1.9886314694711693237	1.4101884517578384012
chr1	13650000	14650000	2	0.9670354143239731082	1	4.160725115520906592	2.2413762492844735911	1.4971226567267204347
chr1	13700000	14700000	2	0.9670354143239731082	1	4.160725115520906592	2.2413762492844735911	1.4971226567267204347
chr1	13750000	14750000	2	0.9670354143239731082	1	4.160725115520906592	2.2413762492844735911	1.4971226567267204347
chr1	13800000	14800000	1	0.99621594233790022876	1	4.160725115520907314	2.2413762492844738969	1.4971226567267205367
chr1	13850000	14850000	1	0.99796532275493166075	1	4.623027906134341481	2.4899551696889393858	1.5779591787143732654
chr1	13900000	14900000	1	0.99796532275493166075	1	4.623027906134341481	2.4899551696889393858	1.5779591787143732654
chr1	13950000	14950000	1	0.99796532275493166075	1	4.623027906134341481	2.4899551696889393858	1.5779591787143732654
chr1	14000000	15000000	2	0.9933580546180116322	1	5.5476334873612096364	2.9871130104978707712	1.7283266504043356825
chr1	14050000	15050000	2	0.9933580546180116322	1	5.5476334873612096364	2.9871130104978707712	1.7283266504043356825
chr1	14100000	15100000	2	0.9805256560438353475	1	4.623027906134341449	2.4899550634534948544	1.5779591450520811422
chr1	14150000	15150000	2	0.9805256560438353475	1	4.623027906134341449	2.4899550634534948544	1.5779591450520811422
chr1	14200000	15200000	3	0.8669323910331446781	1	4.160725115520907739	2.2413761430490293746	1.497122621246846759
chr1	14250000	15250000	3	0.8669323910331446781	1	4.160725115520907739	2.2413761430490293746	1.497122621246846759
chr1	14300000	15300000	2	0.94474378005918868695	1	3.698422324907473628	1.992797222644564004	1.4116646990856447721
chr1	14350000	15350000	3	0.80003150023386548906	1	3.6984223249074735726	1.9927972226445639239	1.4116646990856447437
chr1	14400000	15400000	3	0.80003150023386548906	1	3.6984223249074735726	1.9927972226445639039	1.4116646990856447367
chr1	14450000	15450000	3	0.80003150023386548906	1	3.6984223249074735726	1.9927972226445639039	1.4116646990856447367
chr1	14500000	15500000	4	0.66642871389164448637	1	4.1607251155209072947	2.2413761430490293717	1.497122621246846758
chr1	14550000	15550000	4	0.7591221233624149134	1	4.6230279061343415043	2.4899550634534949273	1.5779591450520811653
chr1	14600000	15600000	4	0.75912212336241480237	1	4.6230279061343410047	2.4899550634534947933	1.5779591450520811229
chr1	14650000	15650000	4	0.5516410454594680157	1	3.6984223249074734963	1.9886313632357248924	1.4101884140907288323
chr1	14700000	15700000	4	0.5516410454594680157	1	3.6984223249074734963	1.9886313632357248924	1.4101884140907288323
chr1	14750000	15750000	4	0.6666106399568970664	1	4.1607251155209067934	2.2372102836401903038	1.4957306855313861293
chr1	14800000	15800000	4	0.55164104545946812674	1	3.6984223249074732742	1.9886313632357247518	1.4101884140907287825
chr1	14850000	15850000	4	0.41800450186856819013	1	3.236119534294038834	1.740052442831258945	1.3191104740814011689
chr1	14900000	15900000	4	0.41800450186856819013	1	3.236119534294038834	1.740052442831258945	1.3191104740814011689
chr1	14950000	15950000	4	0.41800450186856819013	1	3.2361195342940387784	1.7400524428312589024	1.3191104740814011527
chr1	15000000	16000000	3	0.42958512930585668332	1	2.3115139530671706125	1.2428946020223281113	1.1148518296268469198
chr1	15050000	16050000	3	0.5831857223701191195	1	2.7738167436806046018	1.4914735224267936351	1.2212589907250605928
chr1	15100000	16100000	4	0.4180045018685680791	1	3.2361195342940385425	1.7400524428312591175	1.3191104740814012342
chr1	15150000	16150000	4	0.4180045018685680791	1	3.2361195342940385425	1.7400524428312591175	1.3191104740814012342
chr1	15200000	16200000	3	0.70707163774628245534	1	3.2361195342940386535	1.7400524428312591207	1.3191104740814012354
chr1	15250000	16250000	4	0.6666106399568970664	1	4.1607251155209063493	2.2372102836401900772	1.4957306855313860537
chr1	15300000	16300000	4	0.6666106399568970664	1	4.1607251155209063493	2.2372102836401900772	1.4957306855313860537
chr1	15350000	16350000	3	0.8003299931183710525	1	3.698422324907472046	1.9886313632357245317	1.4101884140907287045
chr1	15400000	16400000	5	0.5275182721743584269	1	4.6230279061343401547	2.4857892040446554068	1.5766385774947457522
chr1	15450000	16450000	5	0.5275182721743584269	1	4.6230279061343401547	2.4857892040446554068	1.5766385774947457522
chr1	15500000	16500000	4	0.6666106399568970664	1	4.160725115520906405	2.2372102836401899482	1.4957306855313860105
chr1	15550000	16550000	4	0.55164104545946812674	1	3.6984223249074729342	1.9886313632357246158	1.4101884140907287343
chr1	15600000	16600000	5	0.40792905233768189666	1	4.160725115520906627	2.2372102836401901362	1.4957306855313860733
chr1	15650000	16650000	5	0.40792905233768189666	1	4.160725115520906627	2.2372102836401901362	1.4957306855313860733
chr1	15700000	16700000	6	0.28833983250100508888	1	4.6230279061343395996	2.4857892040446551635	1.5766385774947456751
chr1	15750000	16750000	6	0.18551908302965725017	1	4.160725115520906405	2.2372102836401900007	1.4957306855313860281
chr1	15800000	16800000	7	0.11697191671542531144	1	4.623027906134340599	2.4857892040446555337	1.5766385774947457924
chr1	15850000	16850000	8	0.07170113632155020178	1	5.085330696747774454	2.7343681244491208938	1.6535924904428904952
chr1	15900000	16900000	8	0.07170113632155020178	1	5.085330696747774454	2.7343681244491208938	1.6535924904428904952
chr1	15950000	16950000	8	0.07170113632155020178	1	5.085330696747774454	2.7343681244491208938	1.6535924904428904952
chr1	16000000	17000000	8	0.07170113632155020178	1	5.085330696747774454	2.7343681244491208938	1.6535924904428904952
chr1	16050000	17050000	8	0.03277809981702180242	1	4.623027906134340918	2.4857892040446560387	1.5766385774947459526
chr1	16100000	17100000	7	0.058036244886542867616	1	4.1607251155209069044	2.2372102836401903416	1.495730685531386142
chr1	16150000	17150000	7	0.058036244886542867616	1	4.1607251155209069044	2.2372102836401903416	1.495730685531386142
chr1	16200000	17200000	7	0.021500396085368779497	1	3.6984223249074735726	1.9886313632357251241	1.4101884140907289145
chr1	16250000	17250000	6	0.009762456010214177679	1	2.7738167436806049349	1.4914735224267937214	1.2212589907250606282
chr1	16300000	17300000	6	0.009762456010214177679	1	2.7738167436806049349	1.4914735224267937214	1.2212589907250606282
chr1	16350000	17350000	6	0.04125792813092183514	1	3.2361195342940390976	1.7400524428312594075	1.3191104740814013442
chr1	16400000	17400000	4	0.1439213944326586947	1	2.3115139530671705709	1.2428946020223280362	1.114851829626846886
chr1	16450000	17450000	4	0.41800450186856813461	1	3.2361195342940385425	1.7400524428312591175	1.3191104740814012342
chr1	16500000	17500000	4	0.41800450186856813461	1	3.236119534294038598	1.7400524428312590783	1.3191104740814012194
chr1	16550000	17550000	6	0.39990919524644641392	1	5.0853306967477749975	2.7893148114887658952	1.6701241904387726984
chr1	16600000	17600000	5	0.52700770372522587337	1	4.6230279061343420802	2.5407358910843004306	1.5939685978978069035
chr1	16650000	17650000	5	0.52700770372522587337	1	4.6230279061343420802	2.5407358910843004306	1.5939685978978069035
chr1	16700000	17700000	4	0.66421107876417451177	1	4.160725115520907895	2.2921569706798347944	1.5139871104734791613
chr1	16750000	17750000	4	0.7564798491877144926	1	4.6230279061343425174	2.540735891084300912	1.5939685978978070546
chr1	16800000	17800000	3	0.91075851399374474493	1	4.6230279061343411296	2.5407358910843003753	1.5939685978978068862
chr1	16850000	17850000	2	0.96537962344761740763	1	4.1607251155209070068	2.2921569706798346792	1.5139871104734791233
chr1	16900000	17900000	2	0.96537962344761740763	1	4.1607251155209070068	2.2921569706798346792	1.5139871104734791233
chr1	16950000	17950000	2	0.97948280811203136675	1	4.6230279061343418027	2.5407358910843005025	1.5939685978978069261
chr1	17000000	18000000	2	0.97948280811203136675	1	4.6230279061343418027	2.5407358910843005025	1.5939685978978069261
chr1	17050000	18050000	2	0.97948280811203136675	1	4.6230279061343418027	2.5407358910843005025	1.5939685978978069261
chr1	17100000	18100000	3	0.9425299469475669767	1	5.085330696747775424	2.789314811488765807	1.670124190438772672
chr1	17150000	18150000	3	0.94252994694756719873	1	5.0853306967477755907	2.7893148114887660483	1.6701241904387727443
chr1	17200000	18200000	4	0.8808417525149215832	1	5.5476334873612080435	3.0378937318932307818	1.7429554589527613003
chr1	17250000	18250000	4	0.8808417525149215832	1	5.5476334873612080435	3.0378937318932307818	1.7429554589527613003
chr1	17300000	18300000	4	0.91906672419037171995	1	6.009936277974642298	3.2864726522976962712	1.8128631090895132094
chr1	17350000	18350000	4	0.9190667241903714979	1	6.009936277974641431	3.286472652297695943	1.8128631090895131188
chr1	17400000	18400000	4	0.9190667241903714979	1	6.009936277974640633	3.2864726522976955233	1.8128631090895130032
chr1	17450000	18450000	4	0.8278033064596566071	1	5.0853306967477734297	2.78931481148876459	1.6701241904387723077
chr1	17500000	18500000	4	0.82780330645965638503	1	5.0853306967477732493	2.7893148114887647878	1.6701241904387723669
chr1	17550000	18550000	2	0.9087973406094279616	1	3.2361195342940384453	1.7400524428312588669	1.3191104740814011393
chr1	17600000	18600000	2	0.94495312310644719034	1	3.6984223249074721918	1.988631363235724347	1.410188414090728639
chr1	17650000	18650000	2	0.9671712526514010255	1	4.1607251155209053015	2.2372102836401893853	1.4957306855313858223
chr1	17700000	18700000	2	0.9671712526514008035	1	4.1607251155209053015	2.2372102836401893853	1.4957306855313858223
chr1	17750000	18750000	3	0.86718966969910760145	1	4.1607251155209048574	2.2372102836401893823	1.4957306855313858213
chr1	17800000	18800000	3	0.80032999311837071943	1	3.6984223249074715256	1.9886313632357242679	1.4101884140907286109
chr1	17850000	18850000	3	0.86718966969910760145	1	4.1607251155209055236	2.2372102836401894781	1.4957306855313858533
chr1	17900000	18900000	3	0.86718966969910760145	1	4.1607251155209055236	2.2372102836401894781	1.4957306855313858533
chr1	17950000	18950000	3	0.80032999311837083045	1	3.698422324907471321	1.9886313632357238491	1.4101884140907284624
chr1	18000000	19000000	3	0.80032999311837083045	1	3.698422324907471321	1.9886313632357238491	1.4101884140907284624
chr1	18050000	19050000	4	0.66661063995689684436	1	4.1607251155209055236	2.2372102836401894601	1.4957306855313858473
chr1	18100000	19100000	3	0.86718966969910749043	1	4.1607251155209048574	2.237210283640189345	1.4957306855313858089
chr1	18150000	19150000	3	0.86718966969910760145	1	4.1607251155209050795	2.237210283640189384	1.4957306855313858219
chr1	18200000	19200000	3	0.8671896696991078235	1	4.1607251155209053015	2.2372102836401894586	1.4957306855313858468
chr1	18250000	19250000	3	0.8671896696991078235	1	4.1607251155209053015	2.2372102836401894586	1.4957306855313858468
chr1	18300000	19300000	3	0.8671896696991078235	1	4.1607251155209053015	2.2372102836401894586	1.4957306855313858468
chr1	18350000	19350000	3	0.80032999311837083045	1	3.6984223249074713973	1.9886313632357240808	1.4101884140907285446
chr1	18400000	19400000	3	0.80032999311837083045	1	3.6984223249074713973	1.9886313632357240808	1.4101884140907285446
chr1	18450000	19450000	3	0.80032999311837083045	1	3.6984223249074713973	1.9886313632357240808	1.4101884140907285446
chr1	18500000	19500000	3	0.80032999311837083045	1	3.6984223249074713973	1.9886313632357240808	1.4101884140907285446
chr1	18550000	19550000	3	0.80032999311837083045	1	3.6984223249074713973	1.9886313632357240808	1.4101884140907285446
chr1	18600000	19600000	3	0.7070716377462822333	1	3.2361195342940376682	1.7400524428312585739	1.3191104740814010283
chr1	18650000	19650000	5	0.40792905233768184114	1	4.1607251155209061845	2.237210283640193804	1.4957306855313872994
chr1	18700000	19700000	5	0.40792905233768184114	1	4.1607251155209061706	2.2372102836401936655	1.4957306855313872531
chr1	18750000	19750000	4	0.5516410454594679047	1	3.698422324907472289	1.9886313632357283605	1.410188414090730062
chr1	18800000	19800000	4	0.6666106399568966223	1	4.1607251155209055045	2.2372102836401935502	1.4957306855313872145
chr1	18850000	19850000	4	0.5516410454594679047	1	3.6984223249074723167	1.9886313632357284359	1.4101884140907300887
chr1	18900000	19900000	4	0.5516410454594679047	1	3.6984223249074723167	1.9886313632357284359	1.4101884140907300887
chr1	18950000	19950000	4	0.5516410454594679047	1	3.6984223249074723167	1.9886313632357284359	1.4101884140907300887
chr1	19000000	20000000	4	0.5516410454594679047	1	3.6984223249074723167	1.9886313632357284359	1.4101884140907300887
chr1	19050000	20050000	3	0.70707163774628212227	1	3.2361195342940386327	1.7400524428312629851	1.3191104740814027003
chr1	19100000	20100000	3	0.5831857223701190085	1	2.7738167436806050112	1.4914735224267975153	1.2212589907250621814
chr1	19150000	20150000	3	0.7070716377462822333	1	3.2361195342940389102	1.7400524428312631233	1.3191104740814027527
chr1	19200000	20200000	2	0.8511614255056719758	1	2.7738167436806049557	1.4914735224267976895	1.2212589907250622528
chr1	19250000	20250000	2	0.8511614255056719758	1	2.7738167436806049557	1.4914735224267976895	1.2212589907250622528
chr1	19300000	20300000	2	0.76183619112715406096	1	2.3115139530671708346	1.2428946020223320375	1.1148518296268486806
chr1	19350000	20350000	2	0.8511614255056716427	1	2.7738167436806044006	1.4914735224267976477	1.2212589907250622356
chr1	19400000	20400000	4	0.55164104545053960216	1	3.6984223249074729203	1.9886313636909602471	1.4101884142521382405
chr1	19450000	20450000	4	0.6666106399370164137	1	4.1607251155209063233	2.2372102840954256895	1.4957306856835643891
chr1	19500000	20500000	5	0.52751827217012836613	1	4.6230279061343397687	2.485789204499890608	1.576638577639114667
chr1	19550000	20550000	5	0.52751827217012836613	1	4.6230279061343397687	2.485789204499890608	1.576638577639114667
chr1	19600000	20600000	5	0.5275182721701282551	1	4.623027906134340213	2.485789204499890776	1.5766385776391147204
chr1	19650000	20650000	3	0.70707163771463610313	1	3.2361195342940378625	1.740052443286490483	1.3191104742539536377
chr1	19700000	20700000	3	0.70707163771463610313	1	3.2361195342940378625	1.740052443286490483	1.3191104742539536377
chr1	19750000	20750000	3	0.70707163771463610313	1	3.2361195342940378625	1.740052443286490483	1.3191104742539536377
chr1	19800000	20800000	4	0.41800450187917209677	1	3.23611953429403814	1.7400524432864905577	1.3191104742539536661
chr1	19850000	20850000	4	0.41800450187917209677	1	3.23611953429403814	1.7400524432864905577	1.3191104742539536661
chr1	19900000	20900000	4	0.41800450187917209677	1	3.23611953429403814	1.7400524432864905577	1.3191104742539536661
chr1	19950000	20950000	4	0.41800450187917209677	1	3.23611953429403814	1.7400524432864905577	1.3191104742539536661
chr1	20000000	21000000	4	0.5516410454505397132	1	3.6984223249074720495	1.9886313636909559199	1.4101884142521367063
chr1	20050000	21050000	4	0.55164104545053960216	1	3.6984223249074720495	1.9886313636909559199	1.4101884142521367063
chr1	20100000	21100000	4	0.55164104545053960216	1	3.6984223249074720495	1.9886313636909559199	1.4101884142521367063
chr1	20150000	21150000	4	0.55164104545053960216	1	3.6984223249074713279	1.9886313636909557271	1.4101884142521366378
chr1	20200000	21200000	4	0.55164104545053960216	1	3.6984223249074713279	1.9886313636909557271	1.4101884142521366378
chr1	20250000	21250000	4	0.75933888511930336396	1	4.623027906134339033	2.4857892045434264899	1.5766385776529212181
chr1	20300000	21300000	4	0.75933888511930336396	1	4.623027906134339033	2.4857892045434264899	1.5766385776529212181
chr1	20350000	21350000	4	0.6666106399351150458	1	4.160725115520905062	2.2372102841389608608	1.4957306856981175342
chr1	20400000	21400000	2	0.9087973406061998771	1	3.2361195342940377306	1.7400524428747983101	1.3191104740979044739
chr1	20450000	21450000	2	0.85116142550123341515	1	2.7738167436806039357	1.4914735224703329424	1.221258990742886176
chr1	20500000	21500000	1	0.9550542209349059952	1	2.3115139530671703072	1.2428946020658676415	1.1148518296463739676
chr1	20550000	21550000	1	0.9550542209349059952	1	2.3115139530671703072	1.2428946020658676415	1.1148518296463739676
chr1	20600000	21600000	1	0.9550542209349059952	1	2.3115139530671703072	1.2428946020658676415	1.1148518296463739676
chr1	20650000	21650000	1	0.98700535325973293155	1	3.2361195342940374808	1.7400524428747981651	1.319110474097904419
chr1	20700000	21700000	1	0.98700535325973293155	1	3.2361195342940382857	1.7400524428747986736	1.3191104740979046117
chr1	20750000	21750000	1	0.98700535325973293155	1	3.2361195342940382857	1.7400524428747986736	1.3191104740979046117
chr1	20800000	21800000	1	0.9870053532597328205	1	3.236119534294038147	1.74005244287479845	1.319110474097904527
chr1	20850000	21850000	2	0.94495312310425882973	1	3.6984223249074718483	1.9886313632792638506	1.4101884141061661164
chr1	20900000	21900000	2	0.94495312310425894076	1	3.6984223249074719801	1.9886313632792641622	1.4101884141061662269
chr1	20950000	21950000	2	0.94495312310425894076	1	3.6984223249074719801	1.9886313632792641622	1.4101884141061662269
chr1	21000000	22000000	2	0.9449531231042590518	1	3.6984223249074724797	1.9886313632792643696	1.4101884141061663005
chr1	21050000	22050000	2	0.9449531231042590518	1	3.6984223249074724797	1.9886313632792643696	1.4101884141061663005
chr1	21100000	22100000	3	0.86718966969641886333	1	4.1607251155209060683	2.2372102836837297586	1.4957306855459407064
chr1	21150000	22150000	4	0.6666106399549954764	1	4.1607251155209060683	2.237210283683729723	1.4957306855459406945
chr1	21200000	22200000	4	0.6666106399549954764	1	4.1607251155209060683	2.237210283683729723	1.4957306855459406945
chr1	21250000	22250000	4	0.41800450186856813461	1	3.2361195342940385009	1.7400524428312589095	1.3191104740814011554
chr1	21300000	22300000	4	0.6666106373509114169	1	4.1607251155209061047	2.2372103433137138836	1.4957307054793365723
chr1	21350000	22350000	4	0.6666106373509114169	1	4.1607251155209061047	2.2372103433137138836	1.4957307054793365723
chr1	21400000	22400000	5	0.5275182716198677513	1	4.6230279061343400888	2.485789263718179526	1.5766385964190333514
chr1	21450000	22450000	5	0.5275182716198677513	1	4.6230279061343400888	2.485789263718179526	1.5766385964190333514
chr1	21500000	22500000	5	0.5275182716198677513	1	4.6230279061343400888	2.485789263718179526	1.5766385964190333514
chr1	21550000	22550000	5	0.5275182716198677513	1	4.6230279061343400888	2.485789263718179526	1.5766385964190333514
chr1	21600000	22600000	5	0.5275182716198677513	1	4.6230279061343400888	2.485789263718179526	1.5766385964190333514
chr1	21650000	22650000	6	0.18551908661971505676	1	4.160725115520906549	2.2372103433137139226	1.4957307054793365853
chr1	21700000	22700000	6	0.28833983499045484633	1	4.623027906134339714	2.4857892637181792283	1.576638596419033257
chr1	21750000	22750000	6	0.28833983499045484633	1	4.623027906134339714	2.4857892637181792283	1.576638596419033257
chr1	21800000	22800000	5	0.40792905354703123955	1	4.160725115520906188	2.237210343313714078	1.4957307054793366373
chr1	21850000	22850000	4	0.55164104428910665234	1	3.6984223249074724069	1.988631422909248349	1.4101884352487253144
chr1	21900000	22900000	4	0.55164104428910665234	1	3.6984223249074724069	1.988631422909248349	1.4101884352487253144
chr1	21950000	22950000	4	0.55164104428910665234	1	3.6984223249074724069	1.988631422909248349	1.4101884352487253144
chr1	22000000	23000000	4	0.4180045032585830711	1	3.2361195342940381747	1.7400525025047827134	1.3191104967002509277
chr1	22050000	23050000	4	0.5516410442891065413	1	3.6984223249074720738	1.988631422909248255	1.4101884352487252812
chr1	22100000	23100000	4	0.5516410442891065413	1	3.6984223249074720738	1.988631422909248255	1.4101884352487252812
chr1	22150000	23150000	3	0.7070716335979868594	1	3.2361195342940381886	1.7400525025047828474	1.3191104967002509784
chr1	22200000	23200000	3	0.7070716335979868594	1	3.2361195342940381886	1.7400525025047828474	1.3191104967002509784
chr1	22250000	23250000	3	0.7070716335979868594	1	3.2361195342940381886	1.7400525025047828474	1.3191104967002509784
chr1	22300000	23300000	5	0.16946956261871107263	1	3.236119534294038945	1.7400524501670045893	1.3191104768619664743
chr1	22350000	23350000	6	0.10053052474428465779	1	3.6984223249074726775	1.9886313705714698416	1.4101884166917092649
chr1	22400000	23400000	7	0.058036245222031851432	1	4.1607251155209062556	2.2372102909759350071	1.4957306879836139162
chr1	22450000	23450000	7	0.058036245222031851432	1	4.160725115520905867	2.2372102909759348	1.495730687983613847
chr1	22500000	23500000	7	0.058036245222031851432	1	4.160725115520905867	2.2372102909759348	1.495730687983613847
chr1	22550000	23550000	7	0.11697191709984514074	1	4.6230279061343397705	2.485789211380400471	1.5766385798211334112
chr1	22600000	23600000	7	0.1961958068626980245	1	5.085330696747772721	2.7343686397494587053	1.6535926462552555465
chr1	22650000	23650000	6	0.39891270196195155462	1	5.0853306967477734982	2.7343686397494587153	1.6535926462552555495
chr1	22700000	23700000	6	0.39891270196195161013	1	5.0853306967477734427	2.734368639749458915	1.6535926462552556099
chr1	22750000	23750000	6	0.39891270196195161013	1	5.0853306967477734427	2.734368639749458915	1.6535926462552556099
chr1	22800000	23800000	7	0.28991239317157369015	1	5.547633487361207338	2.982947560153924632	1.7271211770324410657
chr1	22850000	23850000	8	0.20352756610297367823	1	6.009936277974641098	3.2315264805583898695	1.7976447036493028506
chr1	22900000	23900000	8	0.20352756610297367823	1	6.009936277974641209	3.2315264805583900553	1.7976447036493029023
chr1	22950000	23950000	9	0.20863529417356893592	1	6.934541859201508892	3.7286843213673208954	1.9309801452545598081
chr1	23000000	24000000	9	0.20863529417356893592	1	6.934541859201508892	3.7286843213673208954	1.9309801452545598081
chr1	23050000	24050000	9	0.13863164982547918069	1	6.472239068588075882	3.4801054009628556636	1.8655040608272220171
chr1	23100000	24100000	9	0.13863164982547918069	1	6.472239068588075884	3.4801054009628557347	1.8655040608272220362
chr1	23150000	24150000	9	0.13863164982547918069	1	6.472239068588075884	3.4801054009628557347	1.8655040608272220362
chr1	23200000	24200000	9	0.13863164982547918069	1	6.472239068588075884	3.4801054009628557347	1.8655040608272220362
chr1	23250000	24250000	9	0.13863164982547920845	1	6.472239068588075773	3.4801054009628557852	1.8655040608272220497
chr1	23300000	24300000	7	0.28991239292285347906	1	5.547633487361208332	2.9829475528181801632	1.7271211749087497547
chr1	23350000	24350000	6	0.3989127018289120863	1	5.085330696747774647	2.7343686324137144851	1.6535926440371324067
chr1	23400000	24400000	5	0.634689573715500055	1	5.085330696747774647	2.7343686324137144851	1.6535926440371324067
chr1	23450000	24450000	5	0.634689573715500055	1	5.0853306967477745083	2.7343686324137141406	1.6535926440371323025
chr1	23500000	24500000	5	0.7982807800700357781	1	6.009936277974641714	3.231526484113820204	1.797644704638216379
chr1	23550000	24550000	5	0.7252442872916912142	1	5.5476334873612077295	2.9829470557447615388	1.7271210310064438384
chr1	23600000	24600000	5	0.63468958815611864477	1	5.085330696747774458	2.7343681353402964228	1.6535924937360765677
chr1	23650000	24650000	5	0.52751827207315693524	1	4.6230279061343404817	2.48578921493583068	1.5766385809486683623
chr1	23700000	24700000	6	0.39912333876088307294	1	5.0853306967477747984	2.745983054008270451	1.6571007977815563321
chr1	23750000	24750000	6	0.3991233387608829064	1	5.0853306967477736396	2.745983054008269951	1.6571007977815561811
chr1	23800000	24800000	5	0.6343521599169472669	1	5.0853306967477743543	2.7459830540082704044	1.657100797781556318
chr1	23850000	24850000	4	0.75873452657902018537	1	4.6230279061343407705	2.4974041336038048159	1.580317731851352991
chr1	23900000	24900000	4	0.82998283854637355805	1	5.0853306967477754645	2.7459830540082705626	1.6571007977815563657
chr1	23950000	24950000	3	0.86647234506710824053	1	4.1607251155209074387	2.2488252131993395468	1.499608353270726332
chr1	24000000	25000000	5	0.63435215970065161883	1	5.085330696747774689	2.7459830615224441101	1.6571008000488214447
chr1	24050000	25050000	6	0.50787027918675664573	1	5.5476334873612083527	2.9945619819269095826	1.730480274931473925
chr1	24100000	25100000	5	0.6343521597006515078	1	5.085330696747774578	2.7459830615224438421	1.6571008000488213638
chr1	24150000	25150000	5	0.72479276828685346157	1	5.5476334873612087968	2.9945619819269096021	1.7304802749314739306
chr1	24200000	25200000	5	0.72479276828685346157	1	5.5476334873612087968	2.9945619819269096021	1.7304802749314739306
chr1	24250000	25250000	6	0.7692128591467236598	1	6.9345418592015104524	3.7402987440689795516	1.9339851974792825574
chr1	24300000	25300000	6	0.8284403414421339651	1	7.3968446498149429077	3.9888776644734441651	1.9972174805146895081
chr1	24350000	25350000	6	0.8284403414421339651	1	7.3968446498149429077	3.9888776644734441651	1.9972174805146895081
chr1	24400000	25400000	5	0.8973269079864913955	1	6.9345418592015086344	3.7402987440689787612	1.933985197479282353
chr1	24450000	25450000	6	0.82844034144213385407	1	7.3968446498149431297	3.9888776644734443527	1.9972174805146895551
chr1	24500000	25500000	6	0.7692128595109108957	1	6.9345418592015092324	3.7402987331778037884	1.9339851946635485525
chr1	24550000	25550000	6	0.7692128595109108957	1	6.9345418592015092324	3.7402987331778037884	1.9339851946635485525
chr1	24600000	25600000	7	0.8041327500964067232	1	8.3214502310418106985	4.489911582493422345	2.1189411465383889573
chr1	24650000	25650000	7	0.85308846548947003807	1	8.783753021655245441	4.7384905028978879142	2.17680741061258975
chr1	24700000	25700000	6	0.91032783806394901305	1	8.321450231041811287	4.478296663825448792	2.1161986352479884332
chr1	24750000	25750000	6	0.9366143322941115068	1	8.783753021655245519	4.7268755842299145465	2.174137894483676614
chr1	24800000	25800000	6	0.93661433105251412634	1	8.783753021655244161	4.7268756431120227284	2.1741379080251608381
chr1	24850000	25850000	6	0.93661433105251412634	1	8.783753021655243828	4.726875643112022441	2.174137908025160772
chr1	24900000	25900000	6	0.91032783654441518095	1	8.321450231041810014	4.478296722707557295	2.1161986491602241109
chr1	24950000	25950000	6	0.91032783654441518095	1	8.321450231041810014	4.478296722707557295	2.1161986491602241109
chr1	25000000	26000000	4	0.97751876916146829277	1	7.396844649814942568	3.9811388743844528732	1.9952791469828107421
chr1	25050000	26050000	3	0.9916624659219818172	1	6.934541859201509759	3.732559953979988177	1.9319834248719599657
chr1	25100000	26100000	3	0.9916624659219818172	1	6.934541859201509759	3.732559953979988177	1.9319834248719599657
chr1	25150000	26150000	3	0.9863958189069619298	1	6.472239068588075956	3.4839810335755221945	1.8665425346280009684
chr1	25200000	26200000	4	0.9653582625271951434	1	6.934541859201509927	3.7325599539799875993	1.9319834248719598162
chr1	25250000	26250000	4	0.92084776605814455674	1	6.009936277974641868	3.2354021122423828566	1.7987223555186005572
chr1	25300000	26300000	4	0.8830600723283195119	1	5.5476334873612084303	2.98682319183791787	1.7282428046538825009
chr1	25350000	26350000	5	0.7981219443463146712	1	6.0099362779746422565	3.2354021122423832976	1.7987223555186006798
chr1	25400000	26400000	5	0.79812194434631478224	1	6.009936277974643342	3.235402112242383568	1.7987223555186007551
chr1	25450000	26450000	4	0.9208477660581448898	1	6.0099362779746430406	3.2354021122423837142	1.7987223555186007956
chr1	25500000	26500000	5	0.7981219443463146712	1	6.0099362779746424786	3.2354021122423833252	1.7987223555186006875
chr1	25550000	26550000	5	0.897580805480220012	1	6.9345418592015103687	3.732559967390361527	1.931983428342583255
chr1	25600000	26600000	4	0.88322843497079950303	1	5.547633487361208969	2.9829471180747430825	1.727121049050917879
chr1	25650000	26650000	4	0.87930941696456887957	1	5.513229284057481427	2.9791695839583414137	1.7260271098561405312
chr1	25700000	26700000	4	0.83056705098960248446	1	5.0853306967477745993	2.7343681976702774693	1.653592512582914869
chr1	25750000	26750000	4	0.75933888439915375734	1	4.6230279061343400064	2.4857892183837025722	1.5766385820420933021
chr1	25800000	26800000	4	0.66661063933070063836	1	4.160725115520907567	2.2372102979792376613	1.4957306903247113828
chr1	25850000	26850000	4	0.66661063933070063836	1	4.160725115520907567	2.2372102979792376613	1.4957306903247113828
chr1	25900000	26900000	4	0.66661063933070063836	1	4.160725115520907567	2.2372102979792376613	1.4957306903247113828
chr1	25950000	26950000	4	0.66661063933070063836	1	4.160725115520907567	2.2372102979792376613	1.4957306903247113828
chr1	26000000	27000000	4	0.75933888439915375734	1	4.623027906134340485	2.4857892183837028053	1.576638582042093376
chr1	26050000	27050000	4	0.75933888439915375734	1	4.623027906134340485	2.4857892183837028053	1.576638582042093376
chr1	26100000	27100000	4	0.75933888439915375734	1	4.623027906134340485	2.4857892183837028053	1.576638582042093376
chr1	26150000	27150000	4	0.75933888439915375734	1	4.623027906134340707	2.485789218383702813	1.5766385820420933785
chr1	26200000	27200000	3	0.9134114338155877588	1	4.6230279061343408182	2.485789218383703077	1.5766385820420934622
chr1	26250000	27250000	2	0.96717125218385269214	1	4.1607251155209077197	2.237210297979237595	1.4957306903247113605
chr1	26300000	27300000	2	0.96717125218385269214	1	4.1607251155209077197	2.237210297979237595	1.4957306903247113605
chr1	26350000	27350000	1	0.99301281453805334554	1	3.698422324907473028	1.9886313775747719414	1.4101884191748179086
chr1	26400000	27400000	1	0.99301281453805334554	1	3.698422324907473028	1.9886313775747719414	1.4101884191748179086
chr1	26450000	27450000	1	0.9930128145380532345	1	3.6984223249074725283	1.9886313775747717423	1.410188419174817838
chr1	26500000	27500000	0	1.0000000000000008882	1	3.2361195342940386535	1.7400524428312592024	1.3191104740814012665
chr1	26550000	27550000	0	1.0000000000000008882	1	2.3115139530671705709	1.2428946020223280362	1.114851829626846886
chr1	26600000	27600000	0	1.0000000000000008882	1	2.7738167436806047128	1.4914735224267937179	1.2212589907250606268
chr1	26650000	27650000	0	1.0000000000000008882	1	2.6061461201904914317	1.4507186552418645377	1.2044578262612039409
chr1	26700000	27700000	0	1.0000000000000008882	1	2.3115139530671704599	1.2428946020223280098	1.1148518296268468742
chr1	26750000	27750000	1	0.9758327800248138839	1	2.7738167436806044908	1.4914735224267936429	1.221258990725060596
chr1	26800000	27800000	1	0.9758327800248138839	1	2.7738167436806044908	1.4914735224267936429	1.221258990725060596
chr1	26850000	27850000	2	0.90879734060942818363	1	3.2361195342940386535	1.7400524428312591207	1.3191104740814012354
chr1	26900000	27900000	3	0.86718966969910804554	1	4.160725115520906953	2.237210283640190207	1.4957306855313860969
chr1	26950000	27950000	3	0.9134114345079004105	1	4.623027906134341128	2.4857892040446818694	1.5766385774947541443
chr1	27000000	28000000	3	0.9134114345079004105	1	4.6230279061343407254	2.485789204044681261	1.5766385774947539514
chr1	27050000	28050000	3	0.9444780769461639247	1	5.0853306967477749484	2.73436812444914692	1.6535924904428983648
chr1	27100000	28100000	4	0.88322843815126084177	1	5.5476334873612086233	2.9829470448536122712	1.7271210278534658241
chr1	27150000	28150000	4	0.88322843815126084177	1	5.5476334873612086233	2.9829470448536122712	1.7271210278534658241
chr1	27200000	28200000	4	0.8305670546725317793	1	5.085330696747774957	2.7343681244491470645	1.6535924904428984085
chr1	27250000	28250000	4	0.8305670546725317793	1	5.085330696747774957	2.7343681244491470645	1.6535924904428984085
chr1	27300000	28300000	4	0.8305670546725317793	1	5.085330696747774957	2.7343681244491470645	1.6535924904428984085
chr1	27350000	28350000	4	0.88322843815126073075	1	5.547633487361208762	2.9829470448536124433	1.727121027853465874
chr1	27400000	28400000	4	0.8305670546725317793	1	5.0853306967477749988	2.7343681244491472627	1.6535924904428984685
chr1	27450000	28450000	4	0.8305670546725317793	1	5.0853306967477747767	2.7343681244491472163	1.6535924904428984544
chr1	27500000	28500000	4	0.8305670546725317793	1	5.0853306967477747767	2.7343681244491472163	1.6535924904428984544
chr1	27550000	28550000	5	0.72524428771507420954	1	5.547633487361209109	2.9829470448536129906	1.7271210278534660324
chr1	27600000	28600000	6	0.5079130095329453809	1	5.547633487361209206	2.9829470448536125604	1.7271210278534659079
chr1	27650000	28650000	6	0.5079130095329453809	1	5.547633487361209206	2.9829470448536125604	1.7271210278534659079
chr1	27700000	28700000	6	0.5079130095329453809	1	5.54763348736120854	2.9829470448536124208	1.7271210278534658675
chr1	27750000	28750000	5	0.63468958847252054944	1	5.085330696747775665	2.7343681244491472864	1.6535924904428984756
chr1	27800000	28800000	5	0.7982808013344159237	1	6.009936277974642719	3.2315259652580779783	1.7976445603227791533
chr1	27850000	28850000	4	0.92098294340319242224	1	6.0099362779746423858	3.2315259652580782287	1.797644560322779223
chr1	27900000	28900000	3	0.96489462321113217413	1	5.547633487361207823	2.9829470448535865283	1.7271210278534583716
chr1	27950000	28950000	3	0.94447807694616470187	1	5.085330696747773233	2.7343681244491207906	1.653592490442890464
chr1	28000000	29000000	3	0.9134114345079014097	1	4.6230279061343401547	2.4857892040446554068	1.5766385774947457522
chr1	28050000	29050000	3	0.8671896696991079345	1	4.160725115520905954	2.2372102836401899402	1.4957306855313860078
chr1	28100000	29100000	2	0.9449531231064470793	1	3.698422324907472046	1.9886313632357245317	1.4101884140907287045
chr1	28150000	29150000	2	0.96717125265140113655	1	4.1607251155209058428	2.2372102836401898652	1.4957306855313859828
chr1	28200000	29200000	2	0.96717125265140113655	1	4.1607251155209058428	2.2372102836401898652	1.4957306855313859828
chr1	28250000	29250000	2	0.98061120718727590173	1	4.6230279061343399327	2.4857892040446553986	1.5766385774947457496
chr1	28300000	29300000	2	0.98061120718727601275	1	4.6230279061343399327	2.4857892040446553986	1.5766385774947457496
chr1	28350000	29350000	2	0.96717125265140113655	1	4.1607251155209057317	2.237210283640189868	1.4957306855313859836
chr1	28400000	29400000	2	0.96717125265140113655	1	4.1607251155209057317	2.237210283640189868	1.4957306855313859836
chr1	28450000	29450000	2	0.9671712526514009145	1	4.1607251155209053015	2.2372102836401894586	1.4957306855313858468
chr1	28500000	29500000	2	0.98061120718727601275	1	4.6230279061343394886	2.4857892040446551527	1.5766385774947456717
chr1	28550000	29550000	1	0.99797987694453649254	1	4.6230279061343395163	2.4857892040446550447	1.5766385774947456374
chr1	28600000	29600000	0	1.0000000000000004441	1	4.623027906134339211	2.485789204044655027	1.5766385774947456318
chr1	28650000	29650000	1	0.9989137854704599473	1	5.085330696747772969	2.7343681244491203567	1.6535924904428903328
chr1	28700000	29700000	1	0.9989137854704599473	1	5.085330696747773191	2.7343681244491203567	1.6535924904428903328
chr1	28750000	29750000	1	0.9994159454786716301	1	5.547633487361207488	2.9829470448535863453	1.7271210278534583186
chr1	28800000	29800000	1	0.9989137854704599473	1	5.0853306967477730108	2.7343681244491205547	1.6535924904428903927
chr1	28850000	29850000	1	0.9989137854704599473	1	5.0853306967477730108	2.7343681244491205547	1.6535924904428903927
chr1	28900000	29900000	1	0.99797987694453649254	1	4.6230279061343397106	2.4857892040446553461	1.576638577494745733
chr1	28950000	29950000	1	0.99797987694453649254	1	4.6230279061343397106	2.4857892040446553461	1.576638577494745733
chr1	29000000	30000000	1	0.99891378547046016934	1	5.0853306967477730108	2.7343681244491205547	1.6535924904428903927
chr1	29050000	30050000	1	0.9989137854704600583	1	5.085330696747773455	2.734368124449120837	1.653592490442890478
chr1	29100000	30100000	1	0.9989137854704600583	1	5.085330696747773122	2.7343681244491208	1.6535924904428904668
chr1	29150000	30150000	1	0.99797987694453649254	1	4.6230279061343393775	2.4857892040446551113	1.5766385774947456585
chr1	29200000	30200000	2	0.9886407916853005018	1	5.0853306967477727887	2.7343681244491205317	1.6535924904428903857
chr1	29250000	30250000	2	0.9806112071872761238	1	4.6230279061343395996	2.4857892040446551635	1.5766385774947456751
chr1	29300000	30300000	3	0.94447807694616459084	1	5.085330696747773191	2.7343681244491203567	1.6535924904428903328
chr1	29350000	30350000	3	0.94447807694616459084	1	5.085330696747773191	2.7343681244491203567	1.6535924904428903328
chr1	29400000	30400000	3	0.94447807694616459084	1	5.085330696747773191	2.7343681244491203567	1.6535924904428903328
chr1	29450000	30450000	3	0.9444780769461648129	1	5.085330696747773455	2.7343681244491206018	1.6535924904428904069
chr1	29500000	30500000	3	0.9134114345079015207	1	4.6230279061343395163	2.4857892040446550447	1.5766385774947456374
chr1	29550000	30550000	3	0.8671896696991079345	1	4.1607251155209058705	2.2372102836401897457	1.4957306855313859428
chr1	29600000	30600000	3	0.8003299931183709415	1	3.6984223249074718413	1.9886313632357241171	1.4101884140907285575
chr1	29650000	30650000	2	0.90879734060942785057	1	3.236119534294037696	1.7400524428312585338	1.3191104740814010131
chr1	29700000	30700000	3	0.8667577739911245249	1	4.1607251155209049875	2.2442035443989083933	1.4980666021238536353
chr1	29750000	30750000	3	0.79982891077950424297	1	3.6984223249074714215	1.9956246239944431653	1.4126657863749808977
chr1	29800000	30800000	4	0.551503888443989676	1	3.6984223249074716436	1.9956246239944431924	1.4126657863749809073
chr1	29850000	30850000	5	0.2847494632871961917	1	3.6984223249074717338	1.9956246239944430879	1.4126657863749808703
chr1	29900000	30900000	6	0.1859398091566105693	1	4.160725115520904977	2.244203544398908229	1.4980666021238535805
chr1	29950000	30950000	7	0.117338389124961861576	1	4.6230279061343385657	2.4927824648033739033	1.578854795351166517
chr1	30000000	31000000	7	0.117338389124961861576	1	4.623027906134339565	2.4927824648033743019	1.5788547953511666432
chr1	30050000	31050000	7	0.117338389124961861576	1	4.623027906134339565	2.4927824648033743019	1.5788547953511666432
chr1	30100000	31100000	8	0.07198264365343627624	1	5.085330696747774051	2.7413613852078399073	1.6557057060987136392
chr1	30150000	31150000	8	0.12956017422468740774	1	5.5476334873612069675	2.989940305612305059	1.7291443854150251553
chr1	30200000	31200000	7	0.19652770749536341288	1	5.0853306967477738395	2.7413613852078400806	1.6557057060987136914
chr1	30250000	31250000	7	0.19652770749536341288	1	5.0853306967477738395	2.7413613852078400806	1.6557057060987136914
chr1	30300000	31300000	6	0.28863157614060702683	1	4.623027906134340557	2.492782464803374872	1.5788547953511668237
chr1	30350000	31350000	6	0.39903952105905859948	1	5.0853306967477740616	2.741361385207840081	1.6557057060987136917
chr1	30400000	31400000	7	0.3846412835897485838	1	5.9816040724659349554	3.2355804219808935096	1.7987719205004545293
chr1	30450000	31450000	7	0.29014948403804713406	1	5.5476334873612099235	2.9899403056123063532	1.7291443854150255295
chr1	30500000	31500000	7	0.29014948403804713406	1	5.5476334873612099235	2.9899403056123063532	1.7291443854150255295
chr1	30550000	31550000	7	0.29014948403804713406	1	5.5476334873612099235	2.9899403056123063532	1.7291443854150255295
chr1	30600000	31600000	7	0.29014948403804713406	1	5.5476334873612099235	2.9899403056123063532	1.7291443854150255295
chr1	30650000	31650000	7	0.49133158068344723324	1	6.4722390685880778934	3.487098146421237673	1.8673773444114710242
chr1	30700000	31700000	6	0.5079130095329454919	1	5.5476334873612088462	2.9829470448535869874	1.7271210278534585046
chr1	30750000	31750000	7	0.49133392117274982125	1	6.4722390685880779424	3.480104885662518416	1.8655039227143207527
chr1	30800000	31800000	6	0.6961748244876626579	1	6.472239068588076388	3.4801048856625178825	1.8655039227143206097
chr1	30850000	31850000	6	0.6961748244876626579	1	6.4722390685880772762	3.480104885662518279	1.865503922714320716
chr1	30900000	31900000	5	0.7982808013344170339	1	6.009936277974644004	3.2315259652580528521	1.7976445603227721647
chr1	30950000	31950000	4	0.88322843815126228506	1	5.5476334873612103975	2.9829470448535875264	1.7271210278534586606
chr1	31000000	32000000	4	0.8305670546725332226	1	5.0853306967477757083	2.7343681244491219414	1.6535924904428908119
chr1	31050000	32050000	4	0.88322843815126217404	1	5.5476334873612092873	2.9829470448535870043	1.7271210278534585094
chr1	31100000	32100000	4	0.883228438151262063	1	5.547633487361209285	2.9829470448535869967	1.7271210278534585072
chr1	31150000	32150000	4	0.87383273345268952514	1	5.4651506467103486086	2.9699248800221232929	1.7233469993074880718
chr1	31200000	32200000	4	0.88322843815126217404	1	5.5476334873612089334	2.9829470448535869214	1.7271210278534584854
chr1	31250000	32250000	4	0.9209829434031933104	1	6.009936277974643418	3.2315259652580523313	1.7976445603227720198
chr1	31300000	32300000	4	0.9209829434031933104	1	6.009936277974643418	3.2315259652580523313	1.7976445603227720198
chr1	31350000	32350000	4	0.88322843815126217404	1	5.5476334873612092665	2.9829470448535868729	1.7271210278534584714
chr1	31400000	32400000	4	0.8035677888301112626	1	4.9100933429549659293	2.6904480758482645104	1.6402585393309996453
chr1	31450000	32450000	4	0.920982943400821652	1	6.009936277974642925	3.2315259653260592402	1.7976445603416875803
chr1	31500000	32500000	5	0.85500634402446329396	1	6.4722390685880768816	3.4801048857305244555	1.8655039227325480099
chr1	31550000	32550000	6	0.76960307920581261243	1	6.9345418592015108856	3.7286838061349903445	1.9309800118424298036
chr1	31600000	32600000	6	0.8288263306857927004	1	7.396844649814943583	3.9772627265394548198	1.9943075807255647143
chr1	31650000	32650000	6	0.6961748244856446055	1	6.4722390685880761252	3.480104885730524382	1.8655039227325479901
chr1	31700000	32700000	6	0.6961748244856444945	1	6.4722390685880754235	3.4801048857305239379	1.8655039227325478712
chr1	31750000	32750000	5	0.7252442877124315457	1	5.5476334873612078913	2.9829470449215929522	1.7271210278731461708
chr1	31800000	32800000	6	0.50791300953269535867	1	5.547633487361208585	2.9829470449215932247	1.7271210278731462497
chr1	31850000	32850000	5	0.7252442877124315457	1	5.547633487361208585	2.9829470449215932247	1.7271210278731462497
chr1	31900000	32900000	5	0.7252442877124315457	1	5.547633487361208585	2.9829470449215932247	1.7271210278731462497
chr1	31950000	32950000	5	0.7252442877124315457	1	5.547633487361208585	2.9829470449215932247	1.7271210278731462497
chr1	32000000	33000000	5	0.798280801331629819	1	6.0099362779746425735	3.2315259653260588737	1.7976445603416874784
chr1	32050000	33050000	5	0.7252442877124315457	1	5.547633487361208363	2.982947044921593208	1.7271210278731462448
chr1	32100000	33100000	4	0.88322843814830820364	1	5.547633487361208585	2.9829470449215934546	1.7271210278731463163
chr1	32150000	33150000	4	0.8703578691257872757	1	5.4346455713060811076	2.9616621174877489492	1.7209480287003872649
chr1	32200000	33200000	4	0.8305670546691126255	1	5.0853306967477743543	2.7343681245171279337	1.6535924904634539171
chr1	32250000	33250000	4	0.7593388851417175456	1	4.623027906134340285	2.4857892041126623975	1.5766385775163128354
chr1	32300000	33300000	6	0.6083858658154915888	1	6.0099362779746420844	3.2315259707035823068	1.7976445618374012445
chr1	32350000	33350000	6	0.60838586581549169985	1	6.0099362779746429448	3.2315259707035822474	1.797644561837401228
chr1	32400000	33400000	6	0.60838586581549169985	1	6.0099362779746429448	3.2315259707035822474	1.797644561837401228
chr1	32450000	33450000	5	0.7252442875060286509	1	5.547633487361208592	2.9829470502311241607	1.7271210294102507281
chr1	32500000	33500000	4	0.8305670544020499202	1	5.085330696747774386	2.7343681298266586067	1.6535924920689071049
chr1	32550000	33550000	3	0.9444780767555047696	1	5.085330696747774698	2.7343681298266585163	1.6535924920689070776
chr1	32600000	33600000	4	0.8305670544020499202	1	5.085330696747775073	2.734368129826658961	1.653592492068907212
chr1	32650000	33650000	4	0.8305670544020499202	1	5.085330696747775073	2.734368129826658961	1.653592492068907212
chr1	32700000	33700000	4	0.8832284379176813527	1	5.5476334873612093692	2.9829470502311247425	1.7271210294102508966
chr1	32750000	33750000	4	0.8832284379176813527	1	5.5476334873612093692	2.9829470502311247425	1.7271210294102508966
chr1	32800000	33800000	3	0.9444780767555048806	1	5.085330696747775073	2.734368129826658961	1.653592492068907212
chr1	32850000	33850000	4	0.8832280183536699303	1	5.547633487361209501	2.9829567095059423365	1.7271238257594451749
chr1	32900000	33900000	4	0.92098260635662099194	1	6.0099362779746439383	3.2315356299104081588	1.7976472484640606371
chr1	32950000	33950000	4	0.92098260635662099194	1	6.0099362779746436053	3.2315356299104079061	1.7976472484640605669
chr1	33000000	34000000	4	0.8832280183536700413	1	5.547633487361209168	2.9829567095059422647	1.7271238257594451542
chr1	33050000	34050000	4	0.920982606356621214	1	6.009936277974643606	3.23153562991040791	1.797647248464060568
chr1	33100000	34100000	4	0.8832280183536700413	1	5.54763348736120939	2.9829567095059422697	1.7271238257594451556
chr1	33150000	34150000	5	0.8550059752337569874	1	6.472239068588077284	3.4801145503148732984	1.8655065130722200988
chr1	33200000	34200000	5	0.8550059752337569874	1	6.472239068588077284	3.4801145503148732984	1.8655065130722200988
chr1	33250000	34250000	5	0.8550059752337569874	1	6.472239068588077284	3.4801145503148732984	1.8655065130722200988
chr1	33300000	34300000	4	0.92098260654415742277	1	6.0099362779746434027	3.231535624532884686	1.7976472469683490954
chr1	33350000	34350000	4	0.9209826065441576448	1	6.0099362779746446517	3.23153562453288524	1.7976472469683492495
chr1	33400000	34400000	4	0.9209826065441576448	1	6.0099362779746446517	3.23153562453288524	1.7976472469683492495
chr1	33450000	34450000	5	0.7979597859713800645	1	6.0099362779746439457	3.2393588468936889329	1.7998218931032284042
chr1	33500000	34500000	6	0.7693399236351282644	1	6.9345418592015114975	3.736516687702620525	1.9330071618342805625
chr1	33550000	34550000	6	0.69594239613154584845	1	6.4722390685880774523	3.4879377672981548562	1.8676021437389053436
chr1	33600000	34600000	5	0.7979597859713800645	1	6.0099362779746437887	3.2393588468936895621	1.799821893103228579
chr1	33650000	34650000	5	0.7979597859713801755	1	6.0099362779746443647	3.2393588468936897243	1.7998218931032286241
chr1	33700000	34700000	5	0.7249397937818772286	1	5.5476334873612096225	2.9907799264892234764	1.7293871534417108294
chr1	33750000	34750000	5	0.7249397937818772286	1	5.5476334873612096225	2.9907799264892234764	1.7293871534417108294
chr1	33800000	34800000	5	0.7249397937818772286	1	5.5476334873612096225	2.9907799264892234764	1.7293871534417108294
chr1	33850000	34850000	4	0.7589318201293564492	1	4.623027906134341187	2.4936124264054748514	1.5791176100612249367
chr1	33900000	34900000	4	0.6662689942310043856	1	4.1607251155209071976	2.2450335060010093177	1.4983435874328055193
chr1	33950000	34950000	4	0.6662689942310043856	1	4.1607251155209071976	2.2450335060010093177	1.4983435874328055193
chr1	34000000	35000000	6	0.39905457308428082808	1	5.085330696747774739	2.7421913468099400743	1.6559563239439439015
chr1	34050000	35050000	6	0.28866620033479645224	1	4.6230279061343409926	2.4936124264054746595	1.5791176100612248759
chr1	34100000	35100000	6	0.28866620033479634122	1	4.6230279061343412146	2.4936124264054746811	1.5791176100612248828
chr1	34150000	35150000	5	0.28479474037893381944	1	3.6984223249074728683	1.9964545855965436907	1.4129595130776195353
chr1	34200000	35200000	5	0.40808759852884129993	1	4.1607251155209070224	2.245033506001009203	1.498343587432805481
chr1	34250000	35250000	5	0.40808759852884129993	1	4.1607251155209068003	2.245033506001009128	1.4983435874328054559
chr1	34300000	35300000	4	0.55148761062163564883	1	3.698422324907472053	1.9964545855965430436	1.4129595130776193063
chr1	34350000	35350000	4	0.55148761062163564883	1	3.6984223249074723514	1.9964545855965434913	1.4129595130776194647
chr1	34400000	35400000	4	0.55148761062163564883	1	3.6984223249074723514	1.9964545855965434913	1.4129595130776194647
chr1	34450000	35450000	3	0.58318572237011923054	1	2.7738167436806047128	1.4914735224267936379	1.2212589907250605939
chr1	34500000	35500000	2	0.6289357663986354652	1	1.8492111624537366232	0.9943156816178624904	0.99715379035425748635
chr1	34550000	35550000	2	0.6289357663986354652	1	1.8492111624537366232	0.9943156816178624904	0.99715379035425748635
chr1	34600000	35600000	2	0.6289357663986354652	1	1.8492111624537366232	0.9943156816178624904	0.99715379035425748635
chr1	34650000	35650000	3	0.42958512930585668332	1	2.3115139530671705709	1.2428946020223280362	1.114851829626846886
chr1	34700000	35700000	3	0.5831857223701191195	1	2.7738167436806045463	1.4914735224267935003	1.2212589907250605377
chr1	34750000	35750000	5	0.40792905255432038159	1	4.160725115520907189	2.237210294329892	1.4957306891047906823
chr1	34800000	35800000	6	0.2883398329469563648	1	4.6230279061343410836	2.4857892147343579234	1.5766385808847752294
chr1	34850000	35850000	6	0.2883398329469563648	1	4.6230279061343410836	2.4857892147343579234	1.5766385808847752294
chr1	34900000	35900000	6	0.2883398329469563648	1	4.6230279061343410836	2.4857892147343579234	1.5766385808847752294
chr1	34950000	35950000	6	0.2883398329469563648	1	4.6230279061343410836	2.4857892147343579234	1.5766385808847752294
chr1	35000000	36000000	4	0.5516410452498138328	1	3.6984223249074732742	1.988631373925426544	1.410188417880896703
chr1	35050000	36050000	4	0.5516410452498138328	1	3.6984223249074732742	1.988631373925426544	1.410188417880896703
chr1	35100000	36100000	4	0.5516410452498138328	1	3.6984223249074732742	1.988631373925426544	1.410188417880896703
chr1	35150000	36150000	4	0.5516410452498138328	1	3.6984223249074732742	1.988631373925426544	1.410188417880896703
chr1	35200000	36200000	4	0.4180045021175705644	1	3.2361195342940391809	1.7400524535209611319	1.3191104781332612597
chr1	35250000	36250000	6	0.2883398359241078901	1	4.6230279061343416388	2.4857892860983731033	1.5766386035164726688
chr1	35300000	36300000	6	0.18551908796614449693	1	4.16072511552090743	2.2372103656939071532	1.49573071296069439
chr1	35350000	36350000	6	0.18551908796614449693	1	4.16072511552090743	2.2372103656939071532	1.49573071296069439
chr1	35400000	36400000	7	0.11697192101533984698	1	4.623027906134340983	2.4857892860983727482	1.5766386035164725561
chr1	35450000	36450000	8	0.071701139626746956957	1	5.085330696747775349	2.7343682065574717666	1.6535925152701531766
chr1	35500000	36500000	8	0.071701139626746956957	1	5.085330696747775349	2.7343682065574717666	1.6535925152701531766
chr1	35550000	36550000	8	0.071701139626746956957	1	5.085330696747775349	2.7343682065574717666	1.6535925152701531766
chr1	35600000	36600000	9	0.0429240275132782359	1	5.5476334873612082564	2.9829471269619366545	1.7271210516237524729
chr1	35650000	36650000	8	0.0717011396267469292	1	5.085330696747773795	2.7343682065574709968	1.6535925152701529438
chr1	35700000	36700000	8	0.032778101945882320845	1	4.6230279061343403143	2.4857892754635133794	1.5766386001438355561
chr1	35750000	36750000	7	0.02150039816954031971	1	3.69842232490747206	1.9886314346543727255	1.4101884394131064942
chr1	35800000	36800000	6	0.10053052890862702873	1	3.6984223249074711717	1.9886314346543723258	1.4101884394131063525
chr1	35850000	36850000	6	0.10053052890862702873	1	3.6984223249074711717	1.9886314346543723258	1.4101884394131063525
chr1	35900000	36900000	7	0.11697192045802334848	1	4.6230279061343388953	2.4857892754633030537	1.5766386001437688553
chr1	35950000	36950000	7	0.19619578579449037381	1	5.085330696747771714	2.734368195867768279	1.653592512037886642
chr1	36000000	37000000	7	0.19619578579449037381	1	5.085330696747771714	2.734368195867768279	1.653592512037886642
chr1	36050000	37050000	7	0.19619578579449037381	1	5.085330696747771714	2.734368195867768279	1.653592512037886642
chr1	36100000	37100000	7	0.19619578579449037381	1	5.085330696747771714	2.734368195867768279	1.653592512037886642
chr1	36150000	37150000	7	0.19619578579449037381	1	5.085330696747771714	2.734368195867768279	1.653592512037886642
chr1	36200000	37200000	8	0.12925536173515339566	1	5.547633487361205211	2.9829471162722334082	1.7271210485290929393
chr1	36250000	37250000	6	0.18551908303294400993	1	4.160725115520904318	2.2372102836948223176	1.49573068554964878
chr1	36300000	37300000	6	0.18551908303294400993	1	4.160725115520904318	2.2372102836948223176	1.49573068554964878
chr1	36350000	37350000	6	0.18551908303294400993	1	4.160725115520904318	2.2372102836948223176	1.49573068554964878
chr1	36400000	37400000	5	0.28436795827766808697	1	3.6984223249074710087	1.9886313632357238795	1.4101884140907284732
chr1	36450000	37450000	4	0.4180045018685680236	1	3.2361195342940375572	1.740052442831258468	1.3191104740814009881
chr1	36500000	37500000	5	0.40792905233772519535	1	4.160725115520905291	2.237210283642336963	1.4957306855321037248
chr1	36550000	37550000	5	0.40792905233772519535	1	4.160725115520905291	2.237210283642336963	1.4957306855321037248
chr1	36600000	37600000	4	0.5516410454594257162	1	3.6984223249074712411	1.9886313632378714478	1.4101884140914899205
chr1	36650000	37650000	4	0.6666106399568029195	1	4.160725115520905291	2.237210283642336963	1.4957306855321037248
chr1	36700000	37700000	4	0.6666106399568029195	1	4.160725115520905291	2.237210283642336963	1.4957306855321037248
chr1	36750000	37750000	4	0.6666106399568030305	1	4.160725115520905624	2.2372102836423370569	1.4957306855321037563
chr1	36800000	37800000	4	0.55164104545942582725	1	3.6984223249074715187	1.9886313632378715549	1.4101884140914899585
chr1	36850000	37850000	4	0.55164104545942582725	1	3.6984223249074717615	1.9886313632378717116	1.410188414091490014
chr1	36900000	37900000	3	0.7070716377461330193	1	3.236119534294038029	1.7400524428334060716	1.3191104740822150228
chr1	36950000	37950000	3	0.7070716377461330193	1	3.2361195342940382788	1.7400524428334063517	1.3191104740822151291
chr1	37000000	38000000	3	0.7070716377461330193	1	3.236119534294038029	1.7400524428334061806	1.3191104740822150643
chr1	37050000	38050000	3	0.8671896046678456704	1	4.160725115520906115	2.2372113366272086631	1.4957310375288762667
chr1	37100000	38100000	3	0.8671896046678456704	1	4.160725115520906115	2.2372113366272086631	1.4957310375288762667
chr1	37150000	38150000	3	0.8671896046678456704	1	4.160725115520906115	2.2372113366272086631	1.4957310375288762667
chr1	37200000	38200000	2	0.9449530701916726283	1	3.698422324907472001	1.9886324162227432829	1.4101887874404417072
chr1	37250000	38250000	3	0.8671896046678455594	1	4.160725115520905574	2.2372113366272085107	1.4957310375288762157
chr1	37300000	38300000	3	0.8671896046678456704	1	4.1607251155209059625	2.2372113366272087173	1.4957310375288762849
chr1	37350000	38350000	3	0.8671896046678456704	1	4.1607251155209059625	2.2372113366272087173	1.4957310375288762849
chr1	37400000	38400000	3	0.8671896046678456704	1	4.1607251155209059625	2.2372113366272087173	1.4957310375288762849
chr1	37450000	38450000	3	0.9134113836678779963	1	4.6230279061343400038	2.4857902570316743154	1.5766389114288897048
chr1	37500000	38500000	2	0.96148978788244277016	1	4.0425090909544708576	2.214323479698912617	1.4880603078164918975
chr1	37550000	38550000	2	0.96717121831705743507	1	4.1607251155209065523	2.2372113366250615933	1.4957310375281585342
chr1	37600000	38600000	2	0.9806111855629120466	1	4.6230279061343399873	2.485790257029526615	1.5766389114282086039
chr1	37650000	38650000	2	0.967171218317056991	1	4.1607251155209054594	2.2372113366250611177	1.4957310375281583751
chr1	37700000	38700000	2	0.9886407783572669361	1	5.08533069674777381	2.7343691774339931365	1.6535928088359579996
chr1	37750000	38750000	1	0.9979798732658361482	1	4.6230279061343400758	2.4857902570295275035	1.5766389114282088857
chr1	37800000	38800000	2	0.9932873301460030113	1	5.547633487361207173	2.9963287858972930872	1.7309906949193265629
chr1	37850000	38850000	3	0.9778413753339199044	1	6.0099362779746414204	3.2449077063017582976	1.8013627359035043327
chr1	37900000	38900000	4	0.9205162665643938924	1	6.0099362779746425306	3.24490770630175899	1.8013627359035045249
chr1	37950000	38950000	4	0.88264718381963591654	1	5.5476334873612085435	2.9963287858972936948	1.7309906949193267384
chr1	38000000	39000000	4	0.88264718381963591654	1	5.5476334873612085435	2.9963287858972936948	1.7309906949193267384
chr1	38050000	39050000	4	0.8298940231450274707	1	5.085330696747774316	2.7477488125079565532	1.6576334976429369181
chr1	38100000	39100000	4	0.88264722938845996403	1	5.547633487361208233	2.9963277329124218971	1.7309903907625893858
chr1	38150000	39150000	5	0.79773241762568136703	1	6.0099362779746425007	3.2449066533168872788	1.8013624436289569982
chr1	38200000	39200000	5	0.8544957505830652611	1	6.47223906858807567	3.493485573721352544	1.8690868288341642862
chr1	38250000	39250000	5	0.89726897641110492376	1	6.934541859201510115	3.74206449412946198	1.9344416491922060506
chr1	38300000	39300000	5	0.89726897641110492376	1	6.934541859201510004	3.7420644941294621765	1.9344416491922061013
chr1	38350000	39350000	5	0.92866121033609372315	1	7.396844649814943343	3.9906434145339276843	1.9976594841298473119
chr1	38400000	39400000	5	0.92866121033609372315	1	7.396844649814943343	3.9906434145339276843	1.9976594841298473119
chr1	38450000	39450000	5	0.95118732510165693306	1	7.8591474404283768627	4.239222335083569061	2.0589371858032894007
chr1	38500000	39500000	5	0.94740914145721688566	1	7.7816078886613273243	4.2273639035579281945	2.0560554232699876796
chr1	38550000	39550000	5	0.9286612103322281486	1	7.3968446498149431584	3.9906434146791037736	1.9976594841661838574
chr1	38600000	39600000	5	0.89726897640635339126	1	6.9345418592015094514	3.7420644942746384334	1.9344416492297301737
chr1	38650000	39650000	6	0.82838166178149774677	1	7.3968446498149438245	3.9906434146791038649	1.9976594841661838802
chr1	38700000	39700000	6	0.69577777178149891046	1	6.4722390685880764175	3.4934855738701722035	1.8690868288739750796
chr1	38750000	39750000	6	0.69577777178149891046	1	6.4722390685880764175	3.4934855738701722035	1.8690868288739750796
chr1	38800000	39800000	5	0.7252442877092900586	1	5.5476334873612087803	2.9829470450024069962	1.7271210278965417646
chr1	38850000	39850000	5	0.8550063440197831488	1	6.4722390685880761474	3.4801048858531679737	1.8655039227654194278
chr1	38900000	39900000	4	0.92098294339654440677	1	6.0099362779746423905	3.2315259654487023396	1.7976445603757997464
chr1	38950000	39950000	4	0.92098294339654440677	1	6.0099362779746423905	3.2315259654487023396	1.7976445603757997464
chr1	39000000	40000000	4	0.9473735831485786685	1	6.4722390685880759236	3.480104885853167692	1.8655039227654193523
chr1	39050000	40050000	4	0.9209829433965441847	1	6.0099362779746420783	3.2315259654487024027	1.7976445603757997639
chr1	39100000	40100000	4	0.8832284381429809095	1	5.5476334873612078843	2.9829470450442366687	1.7271210279086514175
chr1	39150000	40150000	3	0.94447807693940522	1	5.0853306967477745143	2.7343681246397712997	1.6535924905005378318
chr1	39200000	40200000	3	0.94447807693940522	1	5.0853306967477745143	2.7343681246397712997	1.6535924905005378318
chr1	39250000	40250000	3	0.91341143449887263195	1	4.6230279061343403637	2.485789204231662281	1.5766385775540513143
chr1	39300000	40300000	3	0.94447807693953444996	1	5.085330696747774048	2.7343681246361275059	1.6535924904994360508
chr1	39350000	40350000	4	0.92098274398296542387	1	6.00993627797464219	3.231531683539614062	1.7976461508148966251
chr1	39400000	40400000	4	0.92098274398296531285	1	6.00993627797464219	3.231531683539614062	1.7976461508148966251
chr1	39450000	40450000	4	0.83056676705758814006	1	5.085330696747774581	2.7343738425855067422	1.6535942194460848872
chr1	39500000	40500000	4	0.83056676705758814006	1	5.085330696747774581	2.7343738425855067422	1.6535942194460848872
chr1	39550000	40550000	4	0.83056676705758814006	1	5.085330696747774581	2.7343738425855067422	1.6535942194460848872
chr1	39600000	40600000	5	0.7252440654280745136	1	5.5476334873612084004	2.982952762989972469	1.7271226832480582266
chr1	39650000	40650000	5	0.7252440654280746246	1	5.547633487361208206	2.982952762989972602	1.7271226832480582651
chr1	39700000	40700000	5	0.79828056698677585246	1	6.0099362779746418723	3.2315316833944380882	1.7976461507745171616
chr1	39750000	40750000	7	0.58603236293563132353	1	6.9345418592015097203	3.7286895242033689906	1.9309814924549041339
chr1	39800000	40800000	7	0.58603236293563132353	1	6.9345418592015101375	3.7286895242033689707	1.9309814924549041288
chr1	39850000	40850000	6	0.50791298849657362524	1	5.5476334873612083345	2.982952762948142083	1.7271226832359483787
chr1	39900000	40900000	7	0.3906947715966214152	1	6.0099362779746423355	3.2315316833526074823	1.7976461507628823342
chr1	39950000	40950000	7	0.4913339192590309712	1	6.472239068588075115	3.4801106037570743298	1.8655054553008078325
chr1	40000000	41000000	7	0.39069477159662135968	1	6.0099362779746415392	3.2315316833526092806	1.7976461507628828343
chr1	40050000	41050000	7	0.49133391925903091568	1	6.472239068588075268	3.48011060375707444	1.865505455300807862
chr1	40100000	41100000	7	0.49133391925903091568	1	6.472239068588075268	3.48011060375707444	1.865505455300807862
chr1	40150000	41150000	7	0.5860323629362126363	1	6.934541859201508817	3.7286895241615399148	1.9309814924440730938
chr1	40200000	41200000	7	0.4913339192590309712	1	6.472239068588075136	3.4801106037570742888	1.8655054553008078215
chr1	40250000	41250000	6	0.60838575184978094246	1	6.009936277974641326	3.2315316833526090792	1.7976461507628827783
chr1	40300000	41300000	6	0.50791300910725056816	1	5.547633487361207736	2.9829471605656782086	1.7271210613520055759
chr1	40350000	41350000	5	0.40792905233768178563	1	4.160725115520905794	2.2372102836401917122	1.4957306855313866002
chr1	40400000	41400000	6	0.28833983250100508888	1	4.623027906134339303	2.485789204044656941	1.5766385774947462388
chr1	40450000	41450000	6	0.28833983250100508888	1	4.623027906134339747	2.4857892040446571197	1.5766385774947462954
chr1	40500000	41500000	6	0.39891269261656309153	1	5.0853306967477731053	2.7343681244491225544	1.6535924904428909973
chr1	40550000	41550000	6	0.39891269261656309153	1	5.0853306967477731053	2.7343681244491225544	1.6535924904428909973
chr1	40600000	41600000	5	0.63468958847252099353	1	5.0853306967477737628	2.734368124449122476	1.6535924904428909736
chr1	40650000	41650000	5	0.6346895884725208825	1	5.0853306967477730966	2.7343681244491223638	1.6535924904428909397
chr1	40700000	41700000	5	0.52751827217435831585	1	4.623027906134339525	2.4857892040446569627	1.5766385774947462456
chr1	40750000	41750000	4	0.66661063995689684436	1	4.1607251155209056693	2.237210283640191406	1.4957306855313864979
chr1	40800000	41800000	4	0.66661063995689684436	1	4.1607251155209056693	2.237210283640191406	1.4957306855313864979
chr1	40850000	41850000	4	0.66661063995689684436	1	4.1607251155209056693	2.237210283640191406	1.4957306855313864979
chr1	40900000	41900000	3	0.8671896696991078235	1	4.1607251155209058428	2.2372102836401898652	1.4957306855313859828
chr1	40950000	41950000	3	0.8003299931183710525	1	3.698422324907472046	1.9886313632357246265	1.4101884140907287381
chr1	41000000	42000000	3	0.8003299931183710525	1	3.698422324907472046	1.9886313632357246265	1.4101884140907287381
chr1	41050000	42050000	3	0.70707163774628245534	1	3.2361195342940385425	1.7400524428312591175	1.3191104740814012342
chr1	41100000	42100000	4	0.5516410454594679047	1	3.6984223249074723236	1.9886313632357247538	1.4101884140907287832
chr1	41150000	42150000	5	0.28436795827766814249	1	3.698422324907472046	1.9886313632357246265	1.4101884140907287381
chr1	41200000	42200000	5	0.40792905233768178563	1	4.160725115520906405	2.2372102836401900007	1.4957306855313860281
chr1	41250000	42250000	5	0.5275182721743584269	1	4.6230279061343401547	2.4857892040446554068	1.5766385774947457522
chr1	41300000	42300000	5	0.63468958847252110456	1	5.0853306967477737324	2.7343681244491210044	1.6535924904428905286
chr1	41350000	42350000	5	0.63468958847252110456	1	5.0853306967477739076	2.7343681244491207466	1.6535924904428904507
chr1	41400000	42400000	5	0.6346895884725212156	1	5.0853306967477742407	2.7343681244491210153	1.653592490442890532
chr1	41450000	42450000	7	0.39069518855974799676	1	6.0099362779746419673	3.2315569079927699177	1.7976531667684870512
chr1	41500000	42500000	7	0.28991342482170667783	1	5.547633487361208222	2.9829779875883042956	1.727129985724382094
chr1	41550000	42550000	8	0.20352875615437818202	1	6.0099362779746419118	3.2315569079927699769	1.7976531667684870677
chr1	41600000	42600000	9	0.0828363396305782651	1	6.0099362779746419083	3.2315569079927696419	1.7976531667684869744
chr1	41650000	42650000	8	0.20352875615437818202	1	6.0099362779746424114	3.2315569079927702226	1.797653166768487136
chr1	41700000	42700000	8	0.38310751368521539506	1	6.934541859201509264	3.7287148584963453486	1.9309880523960642436
chr1	41750000	42750000	7	0.49133391078019422737	1	6.4722390685880751824	3.4801359380918799994	1.8655122454950222061
chr1	41800000	42800000	7	0.5860320108364382996	1	6.93454185920150928	3.7287148584963455598	1.9309880523960642983
chr1	41850000	42850000	7	0.5860320108364382996	1	6.934541859201508166	3.7287148584963450517	1.9309880523960641668
chr1	41900000	42900000	7	0.67089694572330338396	1	7.396844649814942888	3.9772937789008106794	1.9943153659591580952
chr1	41950000	42950000	7	0.8045786790966523716	1	8.321450231041810838	4.474451619709741779	2.115289961142382432
chr1	42000000	43000000	7	0.8045786790966522606	1	8.321450231041809988	4.474451619709741227	2.1152899611423823015
chr1	42050000	43050000	7	0.84421043727441491544	1	8.6958701204945528665	4.708681255544680315	2.1699495974664204895
chr1	42100000	43100000	6	0.91042711101539719465	1	8.3214502310418100054	4.4744516197097413982	2.115289961142382342
chr1	42150000	43150000	5	0.9514641222838829959	1	7.85914744042837599	4.2258726993052760606	2.0556927541111964673
chr1	42200000	43200000	5	0.92901698784328290426	1	7.396844649814942666	3.9772937789008107627	1.994315365959158116
chr1	42250000	43250000	5	0.89770695765357710894	1	6.9345418592015094584	3.7287148584963452675	1.9309880523960642226
chr1	42300000	43300000	6	0.8288252987494004742	1	7.396844649814943714	3.9772937789008112382	1.9943153659591582353
chr1	42350000	43350000	6	0.8288252987494004742	1	7.396844649814943714	3.9772937789008112382	1.9943153659591582353
chr1	42400000	43400000	5	0.89770695765357710894	1	6.9345418592015095733	3.7287148584963455992	1.9309880523960643085
chr1	42450000	43450000	3	0.98643936519381414385	1	6.472239068588076179	3.4801049953571625856	1.8655039521151282153
chr1	42500000	43500000	3	0.98643936519381414385	1	6.472239068588075957	3.4801049953571625206	1.865503952115128198
chr1	42550000	43550000	2	0.9977985678644794021	1	6.472239068588075929	3.4801049953571624544	1.8655039521151281802
chr1	42600000	43600000	1	0.9996859554541767112	1	6.0099362779746430107	3.2315260749526972606	1.7976445908334320301
chr1	42650000	43650000	1	0.99941594536787337066	1	5.5476334873612089815	2.9829471545482317079	1.7271210596099602039
chr1	42700000	43700000	1	0.99797987694453660357	1	4.62302790613434071	2.485789204044655607	1.5766385774947458158
chr1	42750000	43750000	1	0.9989137854704603914	1	5.0853306967477743985	2.7343681244491214674	1.6535924904428906686
chr1	42800000	43800000	2	0.9886407916853009459	1	5.0853306967477752867	2.7343681244491215565	1.6535924904428906956
chr1	42850000	43850000	2	0.98864079168530083486	1	5.085330696747774898	2.73436812444912131	1.653592490442890621
chr1	42900000	43900000	2	0.96717125265140124757	1	4.1607251155209067934	2.2372102836401903038	1.4957306855313861293
chr1	42950000	43950000	2	0.90879734060942818363	1	3.2361195342940389866	1.7400524428312593122	1.3191104740814013081
chr1	43000000	44000000	2	0.90879734060942818363	1	3.2361195342940389866	1.7400524428312593122	1.3191104740814013081
chr1	43050000	44050000	2	0.9365558390889650031	1	3.591051177977499195	1.9690076148268769505	1.403213317648773226
chr1	43100000	44100000	4	0.66661062497547896033	1	4.1607251155209069287	2.237210626694285697	1.4957308002091438168
chr1	43150000	44150000	4	0.66661062497547896033	1	4.1607251155209069287	2.237210626694285697	1.4957308002091438168
chr1	43200000	44200000	4	0.66661062497547896033	1	4.1607251155209069287	2.237210626694285697	1.4957308002091438168
chr1	43250000	44250000	4	0.7593388672951536522	1	4.623027906134341259	2.4857895470987512912	1.5766386862876197011
chr1	43300000	44300000	3	0.80032996853779914126	1	3.6984223249074727226	1.9886317062898203712	1.410188535724858448
chr1	43350000	44350000	3	0.80032996853779914126	1	3.6984223249074727226	1.9886317062898203712	1.410188535724858448
chr1	43400000	44400000	3	0.80032996853779914126	1	3.6984223249074727226	1.9886317062898203712	1.410188535724858448
chr1	43450000	44450000	3	0.7070716138983570431	1	3.2361195342940389935	1.7400527858853548384	1.319110604113754685
chr1	43500000	44500000	3	0.7070716138983570431	1	3.2361195342940389935	1.7400527858853548384	1.319110604113754685
chr1	43550000	44550000	5	0.4083056653620425469	1	4.160725115520907128	2.2557936900068668983	1.5019299883839016343
chr1	43600000	44600000	6	0.28911509162202780887	1	4.623027906134341068	2.5043726104113324075	1.5825209668157109151
chr1	43650000	44650000	6	0.3992497176512587731	1	5.085330696747775076	2.7529515308157979981	1.6592020765463735394
chr1	43700000	44700000	6	0.3992497176512587731	1	5.085330696747774604	2.752951530815797519	1.6592020765463733951
chr1	43750000	44750000	7	0.29054245083231994284	1	5.54763348736120965	3.001530451220263854	1.7324925544487236999
chr1	43800000	44800000	6	0.3992497176512587731	1	5.0853306967477753813	2.7529515308157978658	1.6592020765463734996
chr1	43850000	44850000	8	0.20425436389314449714	1	6.0099362779746432293	3.2501093716247292098	1.8028059717076403145
chr1	43900000	44900000	8	0.20425436389314449714	1	6.009936277974643368	3.2501093716247291268	1.8028059717076402914
chr1	43950000	44950000	8	0.20425436389314449714	1	6.009936277974643368	3.2501093716247291268	1.8028059717076402914
chr1	44000000	45000000	8	0.20425436389314449714	1	6.009936277974643368	3.2501093716247291268	1.8028059717076402914
chr1	44050000	45050000	8	0.13006535436827557084	1	5.547633487361209131	3.0015304512202631946	1.7324925544487235096
chr1	44100000	45100000	6	0.28911507751371345876	1	4.623027906134341303	2.5043722673572368412	1.5825208584272236509
chr1	44150000	45150000	6	0.3992497115063265989	1	5.0853306967477752577	2.752951187761702335	1.6592019731671314327
chr1	44200000	45200000	6	0.3992497115063267099	1	5.0853306967477755907	2.7529511877617025846	1.659201973167131508
chr1	44250000	45250000	7	0.19707780084896642236	1	5.085330696747776035	2.7529511877617026507	1.6592019731671315279
chr1	44300000	45300000	7	0.19707780084896642236	1	5.085330696747776035	2.7529511877617026507	1.6592019731671315279
chr1	44350000	45350000	7	0.29054243932951384632	1	5.5476334873612088935	3.0015301081661677957	1.7324924554427842575
chr1	44400000	45400000	7	0.2905424393295137908	1	5.5476334873612089212	3.0015301081661679705	1.7324924554427843079
chr1	44450000	45450000	7	0.39100185497973405369	1	6.009936277974643173	3.2501090285706334016	1.8028058765631515995
chr1	44500000	45500000	8	0.29058824301074437368	1	6.4722390685880771648	3.498687948975099305	1.8704780001312764184
chr1	44550000	45550000	7	0.28991237570018091319	1	5.5476334873612088224	2.982947044853586756	1.7271210278534584376
chr1	44600000	45600000	6	0.39891269261656320255	1	5.0853306967477749224	2.7343681244491213726	1.65359249044289064
chr1	44650000	45650000	6	0.2883398325010051999	1	4.6230279061343411435	2.485789204044656193	1.5766385774947460016
chr1	44700000	45700000	7	0.19619578240470680885	1	5.085330696747774709	2.7343681244491214943	1.6535924904428906767
chr1	44750000	45750000	6	0.2883398325010051444	1	4.6230279061343405294	2.4857892040446556683	1.5766385774947458352
chr1	44800000	45800000	6	0.2883398325010051444	1	4.6230279061343405294	2.4857892040446556683	1.5766385774947458352
chr1	44850000	45850000	4	0.5516410454594679047	1	3.6984223249074725734	1.9886313632357248141	1.4101884140907288046
chr1	44900000	45900000	4	0.5516410454594679047	1	3.6984223249074725734	1.9886313632357248141	1.4101884140907288046
chr1	44950000	45950000	4	0.5516410454594679047	1	3.6984223249074725734	1.9886313632357248141	1.4101884140907288046
chr1	45000000	46000000	4	0.5516410454594679047	1	3.6984223249074725734	1.9886313632357248141	1.4101884140907288046
chr1	45050000	46050000	4	0.7593388851452560484	1	4.62302790613434071	2.485789204044655607	1.5766385774947458158
chr1	45100000	46100000	4	0.7593388851452560484	1	4.6230279061343402657	2.48578920404465548	1.5766385774947457754
chr1	45150000	46150000	5	0.52751827217435831585	1	4.623027906134339544	2.4857892040446552624	1.5766385774947457065
chr1	45200000	46200000	6	0.39891269261656309153	1	5.085330696747773233	2.734368124449120601	1.6535924904428904068
chr1	45250000	46250000	5	0.63468958847252110456	1	5.085330696747773566	2.7343681244491208236	1.653592490442890474
chr1	45300000	46300000	6	0.5079130095329453809	1	5.5476334873612074394	2.9829470448535863386	1.7271210278534583167
chr1	45350000	46350000	6	0.39891269261656303602	1	5.0853306967477733525	2.7343681244491207325	1.6535924904428904465
chr1	45400000	46400000	6	0.39891269261656303602	1	5.0853306967477733525	2.7343681244491207325	1.6535924904428904465
chr1	45450000	46450000	6	0.28833983250100508888	1	4.623027906134339988	2.48578920404465559	1.5766385774947458103
chr1	45500000	46500000	5	0.40792905233768173012	1	4.160725115520906176	2.2372102836401899417	1.4957306855313860083
chr1	45550000	46550000	4	0.5516410454594679047	1	3.6984223249074721397	1.9886313632357244663	1.4101884140907286813
chr1	45600000	46600000	4	0.5516410454594679047	1	3.6984223249074721397	1.9886313632357244663	1.4101884140907286813
chr1	45650000	46650000	5	0.40792905233768173012	1	4.160725115520906176	2.2372102836401899417	1.4957306855313860083
chr1	45700000	46700000	4	0.5516410454594679047	1	3.6984223249074723236	1.9886313632357247339	1.4101884140907287762
chr1	45750000	46750000	4	0.41800450186856813461	1	3.2361195342940385425	1.7400524428312591175	1.3191104740814012342
chr1	45800000	46800000	4	0.41800450186856813461	1	3.2361195342940385425	1.7400524428312591175	1.3191104740814012342
chr1	45850000	46850000	4	0.41800450186856813461	1	3.2361195342940385425	1.7400524428312591175	1.3191104740814012342
chr1	45900000	46900000	4	0.41800450186856813461	1	3.2361195342940385425	1.7400524428312591175	1.3191104740814012342
chr1	45950000	46950000	4	0.41800450186856813461	1	3.2361195342940385425	1.7400524428312591175	1.3191104740814012342
chr1	46000000	47000000	4	0.4180045018685680791	1	3.2361195342940382788	1.7400524428312588772	1.3191104740814011432
chr1	46050000	47050000	4	0.1439213944326586947	1	2.3115139530671704599	1.2428946020223280098	1.1148518296268468742
chr1	46100000	47100000	4	0.1439213944326586947	1	2.3115139530671704599	1.2428946020223280098	1.1148518296268468742
chr1	46150000	47150000	3	0.258186888381937929	1	1.8492111624537367343	0.9943156816178626427	0.99715379035425756273
chr1	46200000	47200000	2	0.6289357663986354652	1	1.8492111624537365122	0.9943156816178624892	0.99715379035425748575
chr1	46250000	47250000	2	0.6289357663986355762	1	1.8492111624537369563	0.99431568161786264526	0.997153790354257564
chr1	46300000	47300000	2	0.6289357663986355762	1	1.8492111624537365122	0.9943156816178624892	0.99715379035425748575
chr1	46350000	47350000	2	0.6289357663986355762	1	1.8492111624537365122	0.9943156816178624892	0.99715379035425748575
chr1	46400000	47400000	2	0.6289357663986355762	1	1.8492111624537365122	0.9943156816178624892	0.99715379035425748575
chr1	46450000	47450000	2	0.6289357663986355762	1	1.8492111624537365122	0.9943156816178624892	0.99715379035425748575
chr1	46500000	47500000	3	0.42958512930585668332	1	2.3115139530671708346	1.2428946020223281221	1.1148518296268469245
chr1	46550000	47550000	4	0.2759845362415941361	1	2.7738167436806046018	1.4914735224267936847	1.2212589907250606131
chr1	46600000	47600000	4	0.2759845362415941361	1	2.7738167436806046018	1.4914735224267936847	1.2212589907250606131
chr1	46650000	47650000	3	0.42958512930585668332	1	2.3115139530671708346	1.2428946020223281221	1.1148518296268469245
chr1	46700000	47700000	3	0.5831857223701191195	1	2.7738167436806047128	1.4914735224267937179	1.2212589907250606268
chr1	46750000	47750000	3	0.70707163774628245534	1	3.2361195342940385009	1.7400524428312589095	1.3191104740814011554
chr1	46800000	47800000	3	0.8003299931183710525	1	3.6984223249074724138	1.9886313632357243741	1.4101884140907286486
chr1	46850000	47850000	3	0.8003299931183710525	1	3.6984223249074724138	1.9886313632357243741	1.4101884140907286486
chr1	46900000	47900000	3	0.8003299931183710525	1	3.6984223249074724138	1.9886313632357243741	1.4101884140907286486
chr1	46950000	47950000	3	0.8003299931183710525	1	3.6984223249074724138	1.9886313632357243741	1.4101884140907286486
chr1	47000000	48000000	3	0.9134114345079015207	1	4.623027906134339766	2.4857892040446551598	1.5766385774947456739
chr1	47050000	48050000	4	0.883228438151262063	1	5.547633487361207712	2.982947044853586411	1.7271210278534583377
chr1	47100000	48100000	5	0.7982808013344168119	1	6.009936277974641114	3.2315259652580512768	1.7976445603227717265
chr1	47150000	48150000	5	0.7982808013344168119	1	6.009936277974641114	3.2315259652580512768	1.7976445603227717265
chr1	47200000	48200000	5	0.7252442877150749867	1	5.547633487361207046	2.982947044853586214	1.7271210278534582807
chr1	47250000	48250000	5	0.63468958847252110456	1	5.0853306967477740794	2.734368124449120853	1.6535924904428904829
chr1	47300000	48300000	4	0.7593388851452559374	1	4.623027906134339825	2.4857892040446553617	1.5766385774947457379
chr1	47350000	48350000	4	0.83056705467253288955	1	5.0853306967477738816	2.7343681244491209246	1.6535924904428905046
chr1	47400000	48400000	4	0.83056705467253288955	1	5.0853306967477734375	2.7343681244491206334	1.6535924904428904165
chr1	47450000	48450000	5	0.7252442877150749867	1	5.5476334873612069072	2.9829470448535859435	1.7271210278534582023
chr1	47500000	48500000	4	0.83056705467253300057	1	5.085330696747773302	2.7343681244491207826	1.6535924904428904616
chr1	47550000	48550000	3	0.9134114345079015207	1	4.6230279061343397696	2.4857892040446552887	1.5766385774947457147
chr1	47600000	48600000	4	0.83056705467253300057	1	5.0853306967477733265	2.7343681244491208457	1.6535924904428904807
chr1	47650000	48650000	5	0.72524428771507531977	1	5.5476334873612083505	2.9829470448535863867	1.7271210278534583307
chr1	47700000	48700000	5	0.6346895884725212156	1	5.0853306967477744367	2.7343681244491211519	1.6535924904428905733
chr1	47750000	48750000	5	0.5275182721743584269	1	4.623027906134340644	2.4857892040446558004	1.576638577494745877
chr1	47800000	48800000	5	0.40792905233768189666	1	4.1607251155209067934	2.2372102836401903038	1.4957306855313861293
chr1	47850000	48850000	6	0.39966555148119620178	1	5.0853306967477740776	2.7758804086915236735	1.6660973587073246644
chr1	47900000	48900000	6	0.3996655514811962573	1	5.0853306967477744835	2.7758804086915236688	1.6660973587073246629
chr1	47950000	48950000	6	0.50776028943620610256	1	5.5476334873612084576	3.024459329095989123	1.7390972741902590663
chr1	48000000	49000000	6	0.2900716347762125613	1	4.6230279061343412675	2.527301488287058542	1.5897488758565166987
chr1	48050000	49050000	5	0.28663258774621558356	1	3.6984223249074733783	2.030143647478127617	1.424831094368075481
chr1	48100000	49100000	4	0.41897147504774984172	1	3.2361195342940391947	1.7815647270736618664	1.334752683860819913
chr1	48150000	49150000	4	0.66479776876017748766	1	4.1607251155209074283	2.2787225678825929643	1.5095438277448564906
chr1	48200000	49200000	5	0.5271325371332210574	1	4.6230279061343412675	2.5273014882870582683	1.5897488758565166126
chr1	48250000	49250000	5	0.5271325371332210574	1	4.6230279061343412675	2.5273014882870582683	1.5897488758565166126
chr1	48300000	49300000	5	0.5271325371332210574	1	4.6230279061343412675	2.5273014882870582683	1.5897488758565166126
chr1	48350000	49350000	5	0.40877034435897557918	1	4.1607251155209071976	2.2787225678825929374	1.5095438277448564817
chr1	48400000	49400000	5	0.5271325371332210574	1	4.6230279061343414896	2.5273014882870585632	1.5897488758565167053
chr1	48450000	49450000	4	0.7368358025982372217	1	4.5212250439026139192	2.5092622979010841171	1.5840651179484649321
chr1	48500000	49500000	4	0.75717888024372159705	1	4.6230279061343412675	2.5273014882870584955	1.5897488758565166841
chr1	48550000	49550000	4	0.75717888024372159705	1	4.623027906134341684	2.5273014882870586462	1.5897488758565167314
chr1	48600000	49600000	4	0.75717888024372148603	1	4.6230279061343410455	2.5273014882870582602	1.58974887585651661
chr1	48650000	49650000	3	0.8646259189665882472	1	4.1607251155209071976	2.2787225678825929374	1.5095438277448564817
chr1	48700000	49700000	4	0.8284323633614111282	1	5.0853306967477749953	2.7768268424860362562	1.6663813616594600691
chr1	48750000	49750000	4	0.82843236336141135023	1	5.0853306967477754394	2.7768268424860364926	1.66638136165946014
chr1	48800000	49800000	4	0.82843236336141135023	1	5.0853306967477754394	2.7768268424860364926	1.66638136165946014
chr1	48850000	49850000	3	0.86713121904098977577	1	4.1607251155209072236	2.2381567174347029637	1.4960470304889158009
chr1	48900000	49900000	3	0.86713121904098977577	1	4.1607251155209072236	2.2381567174347029637	1.4960470304889158009
chr1	48950000	49950000	3	0.8002621790791556444	1	3.698422324907473007	1.9895777970302372168	1.4105239441534614434
chr1	49000000	50000000	4	0.7592896394112380598	1	4.623027906134341813	2.4867356384289890062	1.5769386920324420166
chr1	49050000	50050000	4	0.8305194502312374105	1	5.085330696747775389	2.7353145588334546766	1.6538786409024861328
chr1	49100000	50100000	5	0.85497022905377750845	1	6.4722390685880770347	3.4810513200468509805	1.8657575726891344927
chr1	49150000	50150000	5	0.7252074959947312216	1	5.547633487361209549	2.9838934792379203577	1.7273949980354581187
chr1	49200000	50200000	4	0.83051945023123752154	1	5.085330696747775722	2.7353145588334548803	1.6538786409024861943
chr1	49250000	50250000	4	0.83051945023123752154	1	5.085330696747775722	2.7353145588334548803	1.6538786409024861943
chr1	49300000	50300000	4	0.83051945023123752154	1	5.085330696747775722	2.7353145588334548803	1.6538786409024861943
chr1	49350000	50350000	4	0.83051945023123752154	1	5.085330696747775722	2.7353145588334548803	1.6538786409024861943
chr1	49400000	50400000	4	0.7592896394112379488	1	4.6230279061343414106	2.4867356384289890008	1.5769386920324420148
chr1	49450000	50450000	4	0.7405712000477381318	1	4.5296979248063689635	2.4709885933179797075	1.5719378465187418813
chr1	49500000	50500000	5	0.5275094778400408746	1	4.623027906134341591	2.486735638428988985	1.5769386920324420097
chr1	49550000	50550000	6	0.50789371964477925125	1	5.5476334873612100844	2.9881949858565975302	1.7286396344688494763
chr1	49600000	50600000	5	0.6345372224017525875	1	5.0853306967477753366	2.7396160654521316995	1.655178559990471753
chr1	49650000	50650000	8	0.29020584498585599853	1	6.472239068588077714	3.485352856152487492	1.8669099753744119657
chr1	49700000	50700000	7	0.2900582204259931629	1	5.547633487361210107	2.9872485815490442658	1.7283658702800875042
chr1	49750000	50750000	8	0.29017876581443635686	1	6.4722390685880763386	3.4844064223579744404	1.866656482151436036
chr1	49800000	50800000	8	0.29017876581443635686	1	6.4722390685880763386	3.4844064223579744404	1.866656482151436036
chr1	49850000	50850000	10	0.21231615404690867832	1	7.8591474404283787857	4.2301434758403194413	2.0567312599949268631
chr1	49900000	50900000	10	0.21231615404690867832	1	7.8591474404283787857	4.2301434758403194413	2.0567312599949268631
chr1	49950000	50950000	12	0.10586539920052236152	1	8.783753021655245485	4.727301316649249676	2.1742358006088598292
chr1	50000000	51000000	11	0.09961834662470817059	1	7.859147440428377812	4.230143475250498274	2.0567312598515388622
chr1	50050000	51050000	11	0.059706084043663634753	1	7.3968446498149445843	3.9815645548460335496	1.9953858160380998232
chr1	50100000	51100000	10	0.05195198145996236805	1	6.4722390685880764986	3.484406714037102461	1.8666565602801985334
chr1	50150000	51150000	10	0.05195198145996236805	1	6.4722390685880764986	3.484406714037102461	1.8666565602801985334
chr1	50200000	51200000	10	0.05195198145996236805	1	6.4722390685880764986	3.484406714037102461	1.8666565602801985334
chr1	50250000	51250000	10	0.05195198145996236805	1	6.4722390685880764986	3.484406714037102461	1.8666565602801985334
chr1	50300000	51300000	11	0.031855959077559184434	1	6.934541859201510573	3.7329856344415678604	1.9320935884272189832
chr1	50350000	51350000	12	0.019182019682647440117	1	7.39684464981494413	3.9815645548460331796	1.9953858160380997305
chr1	50400000	51400000	12	0.019182019682647440117	1	7.396844649814944029	3.9815645548460329684	1.9953858160380996776
chr1	50450000	51450000	12	0.019182019682647440117	1	7.396844649814944029	3.9815645548460329684	1.9953858160380996776
chr1	50500000	51500000	11	0.031855959077559170556	1	6.93454185920150999	3.7329856344415673006	1.9320935884272188383
chr1	50550000	51550000	10	0.025185712926217046492	1	6.0099362779746422513	3.2315262870139590502	1.7976446498165200642
chr1	50600000	51600000	10	0.025185712926217046492	1	6.0099362779746422513	3.2315262870139592711	1.7976446498165201257
chr1	50650000	51650000	7	0.116971932031385852935	1	4.623027906134340866	2.4857894963136037652	1.5766386701821073135
chr1	50700000	51700000	7	0.116971932031385852935	1	4.623027906134340644	2.4857894963136037123	1.5766386701821072968
chr1	50750000	51750000	6	0.10053054326029066401	1	3.6984223249074730348	1.9886316555046729904	1.4101885177183485316
chr1	50800000	51800000	6	0.100530543260290622376	1	3.6984223249074730903	1.9886316555046730707	1.4101885177183485601
chr1	50850000	51850000	4	0.27598453624159419162	1	2.7738167436806045463	1.4914735224267934299	1.2212589907250605088
chr1	50900000	51900000	4	0.2759845362415941361	1	2.7738167436806047128	1.4914735224267936379	1.2212589907250605939
chr1	50950000	51950000	2	0.76183619112715450505	1	2.3115139530671704043	1.242894602022327803	1.1148518296268467815
chr1	51000000	52000000	2	0.76183619112715450505	1	2.3115139530671704043	1.242894602022327803	1.1148518296268467815
chr1	51050000	52050000	2	0.76183619112715450505	1	2.3115139530671704043	1.242894602022327803	1.1148518296268467815
chr1	51100000	52100000	4	0.2759845362415941361	1	2.7738167436806045463	1.4914735224267933499	1.2212589907250604761
chr1	51150000	52150000	4	0.5516410454594680157	1	3.6984223249074721397	1.98863136323572659	1.4101884140907294343
chr1	51200000	52200000	5	0.40792905233768178563	1	4.1607251155209062678	2.2372102836401922866	1.4957306855313867922
chr1	51250000	52250000	5	0.40792905233768178563	1	4.1607251155209057404	2.237210283640191963	1.495730685531386684
chr1	51300000	52300000	4	0.5516410454594679047	1	3.6984223249074721397	1.98863136323572659	1.4101884140907294343
chr1	51350000	52350000	3	0.7070716377462822333	1	3.2361195342940382025	1.7400524428312612007	1.3191104740814020239
chr1	51400000	52400000	4	0.5516410454594680157	1	3.6984223249074724173	1.9886313632357267584	1.410188414090729494
chr1	51450000	52450000	4	0.5516410454594680157	1	3.6984223249074724173	1.9886313632357267584	1.410188414090729494
chr1	51500000	52500000	4	0.5516410454594680157	1	3.6984223249074724173	1.9886313632357267584	1.410188414090729494
chr1	51550000	52550000	5	0.52612854820536592015	1	4.6230279061343402857	2.6353494209468400667	1.6233759333397917744
chr1	51600000	52600000	5	0.52612854820536592015	1	4.6230279061343402857	2.6353494209468400667	1.6233759333397917744
chr1	51650000	52650000	5	0.6303446728931929588	1	5.0853306967477741084	2.8839283413513054377	1.6982132791116978654
chr1	51700000	52700000	5	0.6303446728931929588	1	5.0853306967477741084	2.8839283413513054377	1.6982132791116978654
chr1	51750000	52750000	5	0.6303446728931929588	1	5.0853306967477741084	2.8839283413513054377	1.6982132791116978654
chr1	51800000	52800000	5	0.6303446728931929588	1	5.0853306967477741084	2.8839283413513054377	1.6982132791116978654
chr1	51850000	52850000	6	0.40162508816757069852	1	5.085330696747773942	2.8839283413513052568	1.6982132791116978122
chr1	51900000	52900000	6	0.401625088167570643	1	5.0853306967477739974	2.8839283413513056504	1.6982132791116979281
chr1	51950000	52950000	7	0.2032944435681698081	1	5.085330696747773942	2.8839283413513052568	1.6982132791116978122
chr1	52000000	53000000	7	0.2032944435681698081	1	5.085330696747773942	2.8839283413513052568	1.6982132791116978122
chr1	52050000	53050000	7	0.20329444356816975259	1	5.085330696747773942	2.8839283413513052568	1.6982132791116978122
chr1	52100000	53100000	5	0.5261285482053660312	1	4.6230279061343406847	2.6353494209468377905	1.6233759333397910733
chr1	52150000	53150000	5	0.29252695219236707347	1	3.6984223249074721224	2.13819158013790651	1.462255648010260383
chr1	52200000	53200000	4	0.42148830723019342637	1	3.2361195342940383551	1.8896126597334411842	1.3746318269752963872
chr1	52250000	53250000	4	0.42148830723019342637	1	3.2361195342940383551	1.8896126597334411842	1.3746318269752963872
chr1	52300000	53300000	5	0.29252695219236707347	1	3.6984223249074725665	2.138191580137906609	1.4622556480102604169
chr1	52350000	53350000	5	0.29252695219236707347	1	3.6984223249074725665	2.138191580137906609	1.4622556480102604169
chr1	52400000	53400000	4	0.42148830723019342637	1	3.2361195342940387992	1.8896126597334411903	1.3746318269752963895
chr1	52450000	53450000	4	0.42148830723019342637	1	3.2361195342940387992	1.8896126597334411903	1.3746318269752963895
chr1	52500000	53500000	4	0.42148830723019342637	1	3.2361195342940389102	1.889612659733441275	1.3746318269752964203
chr1	52550000	53550000	3	0.42958512930585668332	1	2.3115139530671705709	1.2428946020223280362	1.114851829626846886
chr1	52600000	53600000	4	0.41800450186856813461	1	3.236119534294038834	1.740052442831258945	1.3191104740814011689
chr1	52650000	53650000	4	0.2759845362415941361	1	2.7738167436806047128	1.4914735224267936379	1.2212589907250605939
chr1	52700000	53700000	5	0.16946956202136370662	1	3.236119534294038834	1.740052442831258945	1.3191104740814011689
chr1	52750000	53750000	5	0.16946956202136370662	1	3.236119534294038834	1.740052442831258945	1.3191104740814011689
chr1	52800000	53800000	6	0.100530524267580995135	1	3.698422324907473191	1.9886313632357246384	1.4101884140907287422
chr1	52850000	53850000	5	0.16946956202136370662	1	3.2361195342940389866	1.740052442831259238	1.31911047408140128
chr1	52900000	53900000	6	0.39891675444845325904	1	5.08533069674777467	2.7345920917877419472	1.6536602104990438292
chr1	52950000	53950000	5	0.52751619105795866105	1	4.6230279061343409605	2.486013171383276649	1.5767096027434083745
chr1	53000000	54000000	5	0.52751619105795866105	1	4.6230279061343409605	2.486013171383276649	1.5767096027434083745
chr1	53050000	54050000	5	0.52751619105795866105	1	4.6230279061343409605	2.486013171383276649	1.5767096027434083745
chr1	53100000	54100000	7	0.19620675442607868333	1	5.0853306967477750707	2.7345992925971155222	1.6536623877312791812
chr1	53150000	54150000	7	0.19620675442607868333	1	5.0853306967477750707	2.7345992925971155222	1.6536623877312791812
chr1	53200000	54200000	7	0.2899202134859886204	1	5.5476334873612083076	2.9831782130015808072	1.7271879495299811775
chr1	53250000	54250000	7	0.2899202134859886204	1	5.5476334873612089737	2.9831782130015809355	1.7271879495299812147
chr1	53300000	54300000	6	0.3989168850215715767	1	5.085330696747774474	2.734599292597115017	1.6536623877312790284
chr1	53350000	54350000	7	0.39069849827218644522	1	6.009936277974641033	3.2317571334060454697	1.7977088566856551674
chr1	53400000	54400000	7	0.39069849827218650073	1	6.0099362779746415882	3.231757133406045686	1.7977088566856552276
chr1	53450000	54450000	7	0.39069849827218650073	1	6.0099362779746415882	3.231757133406045686	1.7977088566856552276
chr1	53500000	54500000	7	0.39069849827218650073	1	6.0099362779746415882	3.231757133406045686	1.7977088566856552276
chr1	53550000	54550000	8	0.29006206096804237893	1	6.4722390685880758047	3.4803360538105113694	1.865565880319028393
chr1	53600000	54600000	7	0.2899202134859886204	1	5.5476334873612082738	2.9831782130015805287	1.7271879495299810969
chr1	53650000	54650000	7	0.2899202134859886204	1	5.5476334873612082738	2.9831782130015805287	1.7271879495299810969
chr1	53700000	54700000	6	0.5079121590947837106	1	5.547633487361206782	2.983178213001579667	1.7271879495299808474
chr1	53750000	54750000	6	0.5079121590947837106	1	5.547633487361206782	2.983178213001579667	1.7271879495299808474
chr1	53800000	54800000	6	0.5079121590947835996	1	5.547633487361206671	2.9831782130015796115	1.7271879495299808314
chr1	53850000	54850000	6	0.5079121590947835996	1	5.547633487361206671	2.9831782130015796115	1.7271879495299808314
chr1	53900000	54900000	5	0.28436835110512631575	1	3.6984223249074720564	1.9886385640450975469	1.4101909672257504383
chr1	53950000	54950000	6	0.1855195162422519084	1	4.1607251155209055236	2.237217484449562797	1.49573309265041094
chr1	54000000	55000000	6	0.2883401329031217708	1	4.6230279061343396976	2.4857964048540283088	1.5766408610885448915
chr1	54050000	55050000	6	0.2883401329031217708	1	4.6230279061343396976	2.4857964048540283088	1.5766408610885448915
chr1	54100000	55100000	4	0.5516410454594677937	1	3.698422324907471588	1.9886313632357242296	1.4101884140907285974
chr1	54150000	55150000	4	0.5516410454594677937	1	3.698422324907471588	1.9886313632357242296	1.4101884140907285974
chr1	54200000	55200000	4	0.4180045018685680791	1	3.2361195342940384453	1.7400524428312588669	1.3191104740814011393
chr1	54250000	55250000	4	0.4180045018685680791	1	3.2361195342940384453	1.7400524428312588669	1.3191104740814011393
chr1	54300000	55300000	4	0.41800450186856813461	1	3.2361195342940385009	1.7400524428312589095	1.3191104740814011554
chr1	54350000	55350000	3	0.42958512930585668332	1	2.3115139530671702933	1.242894602022327909	1.114851829626846829
chr1	54400000	55400000	3	0.42958512930585668332	1	2.3115139530671702933	1.242894602022327909	1.114851829626846829
chr1	54450000	55450000	4	0.41800454174525369933	1	3.2361195342940380013	1.7400541547425573911	1.3191111229697661037
chr1	54500000	55500000	4	0.666610565196503968	1	4.1607251155209061255	2.237211995551488473	1.4957312577971647354
chr1	54550000	55550000	3	0.8003298704562041843	1	3.6984223249074722473	1.9886330751470229282	1.4101890210702333106
chr1	54600000	55600000	3	0.8003298704562041843	1	3.6984223249074722473	1.9886330751470229282	1.4101890210702333106
chr1	54650000	55650000	3	0.867189563973443156	1	4.160725115520906514	2.2372119955514886424	1.495731257797164792
chr1	54700000	55700000	3	0.86718956397344326703	1	4.160725115520906514	2.237211995551488662	1.4957312577971647985
chr1	54750000	55750000	3	0.86718956397344337805	1	4.160725115520906514	2.237211995551488662	1.4957312577971647985
chr1	54800000	55800000	2	0.94495303707936550985	1	3.6984223249074725248	1.9886330751470230354	1.4101890210702333487
chr1	54850000	55850000	2	0.96717119683165220234	1	4.1607251155209063476	2.2372119955514884143	1.4957312577971647158
chr1	54900000	55900000	2	0.9671711968316519803	1	4.160725115520906056	2.2372119955514883655	1.4957312577971646994
chr1	54950000	55950000	1	0.99301279402525211015	1	3.6984223249074721918	1.9886330751470229611	1.4101890210702333223
chr1	55000000	56000000	2	0.9449530370793652878	1	3.6984223249074723583	1.9886330751470229081	1.4101890210702333036
chr1	55050000	56050000	3	0.86718956397344326703	1	4.1607251155209063476	2.237211995551488437	1.4957312577971647234
chr1	55100000	56100000	3	0.86718956397344326703	1	4.1607251155209063476	2.237211995551488437	1.4957312577971647234
chr1	55150000	56150000	3	0.86718956397344326703	1	4.1607251155209063476	2.237211995551488437	1.4957312577971647234
chr1	55200000	56200000	3	0.86718956397344326703	1	4.1607251155209063476	2.237211995551488437	1.4957312577971647234
chr1	55250000	56250000	4	0.75933879606953158525	1	4.6230279061343403516	2.4857909159559540343	1.5766391203937424926
chr1	55300000	56300000	4	0.75933879606953158525	1	4.6230279061343403516	2.4857909159559540343	1.5766391203937424926
chr1	55350000	56350000	4	0.75933879606953158525	1	4.6230279061343403516	2.4857909159559540343	1.5766391203937424926
chr1	55400000	56400000	5	0.6346895387393083343	1	5.085330696747773602	2.7343698363604192864	1.653593008076781657
chr1	55450000	56450000	4	0.6666106399568969554	1	4.160725115520905954	2.2372102836401898873	1.4957306855313859901
chr1	55500000	56500000	4	0.4180045018685680236	1	3.2361195342940384453	1.7400524428312588669	1.3191104740814011393
chr1	55550000	56550000	4	0.4180045018685680236	1	3.2361195342940384453	1.7400524428312588669	1.3191104740814011393
chr1	55600000	56600000	4	0.4180045018685680236	1	3.2361195342940384453	1.7400524428312588669	1.3191104740814011393
chr1	55650000	56650000	4	0.4180045018685680791	1	3.2361195342940377792	1.7400524428312586588	1.3191104740814010605
chr1	55700000	56700000	4	0.2759845362415940806	1	2.7738167436806041577	1.4914735224267932479	1.2212589907250604343
chr1	55750000	56750000	5	0.16946956202136362335	1	3.2361195342940382788	1.7400524428312588772	1.3191104740814011432
chr1	55800000	56800000	5	0.16946956202136362335	1	3.2361195342940382788	1.7400524428312588772	1.3191104740814011432
chr1	55850000	56850000	5	0.077889823528190932356	1	2.7738167436806043242	1.4914735224267933854	1.2212589907250604906
chr1	55900000	56900000	6	0.04125792813092183514	1	3.2361195342940385009	1.7400524428312589095	1.3191104740814011554
chr1	55950000	56950000	6	0.04125792813092183514	1	3.2361195342940385009	1.7400524428312589095	1.3191104740814011554
chr1	56000000	57000000	5	0.1694695620213636511	1	3.2361195342940385009	1.7400524428312589095	1.3191104740814011554
chr1	56050000	57050000	4	0.2759845362415941361	1	2.7738167436806044353	1.4914735224267933882	1.2212589907250604917
chr1	56100000	57100000	4	0.2759845362415941361	1	2.7738167436806044353	1.4914735224267933882	1.2212589907250604917
chr1	56150000	57150000	4	0.2759845362415941361	1	2.7738167436806044353	1.4914735224267933882	1.2212589907250604917
chr1	56200000	57200000	4	0.2759845362415941361	1	2.7738167436806044353	1.4914735224267933882	1.2212589907250604917
chr1	56250000	57250000	3	0.42958512930585668332	1	2.311513953067170557	1.2428946020223279046	1.1148518296268468271
chr1	56300000	57300000	3	0.42958512930585668332	1	2.311513953067170557	1.2428946020223279046	1.1148518296268468271
chr1	56350000	57350000	3	0.42958512930585668332	1	2.3115139530671703905	1.2428946020223279684	1.1148518296268468557
chr1	56400000	57400000	2	0.6289357663986355762	1	1.8492111624537367343	0.99431568161786242153	0.9971537903542574518
chr1	56450000	57450000	3	0.5831857223377863164	1	2.7738167436806049904	1.4914735232033366439	1.2212589910429878362
chr1	56500000	57500000	3	0.5831857223377863164	1	2.7738167436806049904	1.4914735232033367244	1.2212589910429878691
chr1	56550000	57550000	3	0.5831857223377863164	1	2.7738167436806049904	1.4914735232033367244	1.2212589910429878691
chr1	56600000	57600000	3	0.5831857223377863164	1	2.7738167436806049904	1.4914735232033367244	1.2212589910429878691
chr1	56650000	57650000	3	0.42958512932768710968	1	2.3115139530671711676	1.2428946027988712368	1.1148518299751188177
chr1	56700000	57700000	4	0.27598453630303432238	1	2.7738167436806049904	1.4914735232033367244	1.2212589910429878691
chr1	56750000	57750000	3	0.42958512932768705417	1	2.3115139530671709456	1.2428946027988710786	1.1148518299751187467
chr1	56800000	57800000	3	0.5831857223377862054	1	2.7738167436806047683	1.4914735232033366411	1.221258991042987835
chr1	56850000	57850000	4	0.41800450188665660978	1	3.2361195342940379388	1.7400524436078019485	1.319110474375744599
chr1	56900000	57900000	3	0.5831857223377862054	1	2.7738167436806043797	1.4914735232033365085	1.2212589910429877808
chr1	56950000	57950000	3	0.70707163769229985917	1	3.2361195342940388547	1.7400524436078022138	1.3191104743757446996
chr1	57000000	58000000	3	0.5831857223377863164	1	2.7738167436806047683	1.4914735232033367211	1.2212589910429878677
chr1	57050000	58050000	4	0.55164103467953518045	1	3.698422324907472837	1.9886319128749986463	1.4101886089722178174
chr1	57100000	58100000	4	0.66661061595375603606	1	4.1607251155209064777	2.237210833279463888	1.4957308692674173354
chr1	57150000	58150000	5	0.52751826706707194425	1	4.6230279061343407324	2.485789753683929724	1.5766387518020511105
chr1	57200000	58200000	6	0.39891270258471617227	1	5.0853306967477751484	2.7343686740883954413	1.6535926566383860914
chr1	57250000	58250000	6	0.39891270258471617227	1	5.0853306967477751484	2.7343686740883954413	1.6535926566383860914
chr1	57300000	58300000	6	0.39891270258471617227	1	5.0853306967477751484	2.7343686740883954413	1.6535926566383860914
chr1	57350000	58350000	6	0.39891270258471617227	1	5.0853306967477751484	2.7343686740883954413	1.6535926566383860914
chr1	57400000	58400000	6	0.39891270258471617227	1	5.0853306967477751484	2.7343686740883954413	1.6535926566383860914
chr1	57450000	58450000	5	0.40792906346098772863	1	4.160725115520906875	2.2372108325029211732	1.4957308690078309583
chr1	57500000	58500000	5	0.40792906346098772863	1	4.160725115520906875	2.2372108325029211732	1.4957308690078309583
chr1	57550000	58550000	5	0.40792906346098772863	1	4.160725115520906875	2.2372108325029211732	1.4957308690078309583
chr1	57600000	58600000	5	0.5275182670742877278	1	4.623027906134340629	2.4857897529073863466	1.5766387515557856371
chr1	57650000	58650000	6	0.3989127025706329377	1	5.085330696747774936	2.7343686733118522333	1.6535926564035812243
chr1	57700000	58700000	6	0.39891270257063288218	1	5.085330696747774714	2.73436867331185221	1.6535926564035812173
chr1	57750000	58750000	6	0.6083858549744735056	1	6.009936277974642539	3.2315265141207831195	1.7976447129844048022
chr1	57800000	58800000	6	0.6083858549744735056	1	6.009936277974642504	3.2315265141207830332	1.7976447129844047783
chr1	57850000	58850000	5	0.72524426637856798106	1	5.5476334873612088167	2.9829475937163176878	1.72712118674872311
chr1	57900000	58900000	5	0.72524426637856798106	1	5.5476334873612088167	2.9829475937163176878	1.72712118674872311
chr1	57950000	58950000	5	0.6346895725273568045	1	5.085330696747774936	2.73436867331185221	1.6535926564035812173
chr1	58000000	59000000	5	0.6346895725273568045	1	5.0853306967477744918	2.7343686733118522326	1.653592656403581224
chr1	58050000	59050000	5	0.6346895884725212156	1	5.085330696747773963	2.734368124449121196	1.6535924904428905865
chr1	58100000	59100000	5	0.5275182721743584269	1	4.6230279061343405433	2.4857892040446556922	1.5766385774947458428
chr1	58150000	59150000	5	0.5275182721743584269	1	4.623027906134340099	2.485789204044655663	1.5766385774947458334
chr1	58200000	59200000	4	0.6666106399568969554	1	4.1607251155209061897	2.23721028364019008	1.4957306855313860545
chr1	58250000	59250000	4	0.6666106399568969554	1	4.1607251155209061897	2.23721028364019008	1.4957306855313860545
chr1	58300000	59300000	5	0.52751827217435831585	1	4.6230279061343395996	2.4857892040446551635	1.5766385774947456751
chr1	58350000	59350000	5	0.52751827217435831585	1	4.6230279061343395996	2.4857892040446551635	1.5766385774947456751
chr1	58400000	59400000	5	0.52751827217435831585	1	4.6230279061343395996	2.4857892040446551635	1.5766385774947456751
chr1	58450000	59450000	5	0.63468958847252110456	1	5.0853306967477734635	2.7343681244491207464	1.6535924904428904507
chr1	58500000	59500000	5	0.63468958847252110456	1	5.0853306967477734635	2.7343681244491207464	1.6535924904428904507
chr1	58550000	59550000	5	0.63468958847252110456	1	5.0853306967477733993	2.734368124449120736	1.6535924904428904475
chr1	58600000	59600000	5	0.5275182721743584269	1	4.623027906134340099	2.485789204044655663	1.5766385774947458334
chr1	58650000	59650000	4	0.6666106399568969554	1	4.160725115520906176	2.2372102836401899417	1.4957306855313860083
chr1	58700000	59700000	3	0.8671896696991078235	1	4.160725115520906176	2.2372102836401899417	1.4957306855313860083
chr1	58750000	59750000	3	0.7070716377462823443	1	3.2361195342940377792	1.7400524428312585559	1.3191104740814010214
chr1	58800000	59800000	3	0.5831857223701191195	1	2.7738167436806041577	1.4914735224267932479	1.2212589907250604343
chr1	58850000	59850000	3	0.7070716377462823443	1	3.2361195342940381678	1.7400524428312587366	1.3191104740814010899
chr1	58900000	59900000	3	0.7070716377462823443	1	3.2361195342940381678	1.7400524428312587366	1.3191104740814010899
chr1	58950000	59950000	4	0.6659975238248729834	1	4.1607251155209059347	2.2512498090031778705	1.5004165451644346189
chr1	59000000	60000000	4	0.66599752382487309443	1	4.1607251155209061567	2.2512498090031778715	1.5004165451644346192
chr1	59050000	60050000	3	0.7060956588566824621	1	3.2361195342940383413	1.7540919681942470009	1.3244213710878600138
chr1	59100000	60100000	3	0.7060956588566824621	1	3.2361195342940383413	1.7540919681942470009	1.3244213710878600138
chr1	59150000	60150000	2	0.84973019793732029736	1	2.7738167436806044006	1.5055130477897813554	1.2269934994896188753
chr1	59200000	60200000	2	0.84973019793732029736	1	2.7738167436806044006	1.5055130477897813554	1.2269934994896188753
chr1	59250000	60250000	2	0.84973019793732029736	1	2.7738167436806044006	1.5055130477897813554	1.2269934994896188753
chr1	59300000	60300000	1	0.9539629419892523554	1	2.3115139530671704182	1.2569341273853157955	1.121130736080906755
chr1	59350000	60350000	2	0.9077565045969160362	1	3.2361195342940385355	1.7540919681942468653	1.3244213710878599626
chr1	59400000	60400000	2	0.94424760793343975873	1	3.6984223249074725873	2.00267088859871241	1.4151575490378138141
chr1	59450000	60450000	2	0.9077565045969159252	1	3.2361195342940383135	1.7540919681942468622	1.3244213710878599614
chr1	59500000	60500000	3	0.79932403059985768223	1	3.6984223249074724207	2.0026708885987124847	1.4151575490378138406
chr1	59550000	60550000	3	0.79932403059985768223	1	3.6984223249074724207	2.0026708885987124847	1.4151575490378138406
chr1	59600000	60600000	3	0.79932403059985768223	1	3.6984223249074724207	2.0026708885987124847	1.4151575490378138406
chr1	59650000	60650000	5	0.52738781592526784436	1	4.6230279061343403247	2.4998287294076433243	1.5810846686397421785
chr1	59700000	60700000	6	0.28892553098544604406	1	4.623027906134340949	2.4998287294076437777	1.5810846686397423219
chr1	59750000	60750000	6	0.28892553098544598855	1	4.6230279061343405606	2.49982872940764379	1.5810846686397423258
chr1	59800000	60800000	6	0.28892553098544598855	1	4.6230279061343405606	2.49982872940764379	1.5810846686397423258
chr1	59850000	60850000	6	0.18636372408252649402	1	4.1607251155209063996	2.2512498090031778835	1.5004165451644346232
chr1	59900000	60900000	6	0.18636372408252652177	1	4.1607251155209062886	2.251249809003178068	1.5004165451644346847
chr1	59950000	60950000	5	0.28436795827766814249	1	3.6984223249074724901	1.9886313632357246057	1.4101884140907287307
chr1	60000000	61000000	5	0.28436795827766814249	1	3.6984223249074729134	1.9886313632357244641	1.4101884140907286805
chr1	60050000	61050000	5	0.28436795827766814249	1	3.6984223249074729134	1.9886313632357244641	1.4101884140907286805
chr1	60100000	61100000	5	0.28436795827766814249	1	3.6984223249074729134	1.9886313632357244641	1.4101884140907286805
chr1	60150000	61150000	5	0.28436795827766814249	1	3.6984223249074729134	1.9886313632357244641	1.4101884140907286805
chr1	60200000	61200000	5	0.28436795827766814249	1	3.6984223249074729134	1.9886313632357244641	1.4101884140907286805
chr1	60250000	61250000	5	0.28436795827766814249	1	3.6984223249074729134	1.9886313632357244641	1.4101884140907286805
chr1	60300000	61300000	5	0.28436795827766814249	1	3.6984223249074729134	1.9886313632357244641	1.4101884140907286805
chr1	60350000	61350000	6	0.18551908303392719568	1	4.1607251155209068645	2.2372102837111654367	1.4957306855551120359
chr1	60400000	61400000	6	0.18551908303392725119	1	4.1607251155209066425	2.2372102837111654354	1.4957306855551120355
chr1	60450000	61450000	6	0.2883398325039660537	1	4.623027906134340132	2.4857892041156304209	1.5766385775172540859
chr1	60500000	61500000	5	0.40792905233912007956	1	4.160725115520906032	2.2372102837111651535	1.4957306855551119412
chr1	60550000	61550000	5	0.40792905233912007956	1	4.160725115520906032	2.2372102837111651535	1.4957306855551119412
chr1	60600000	61600000	5	0.40792905233912007956	1	4.160725115520906032	2.2372102837111651535	1.4957306855551119412
chr1	60650000	61650000	3	0.8671896696946839178	1	4.1607251155209064083	2.2372102837118214584	1.495730685555331334
chr1	60700000	61700000	3	0.86718966969468402883	1	4.1607251155209066303	2.23721028371182146	1.4957306855553313344
chr1	60750000	61750000	3	0.86718966969468402883	1	4.1607251155209066303	2.23721028371182146	1.4957306855553313344
chr1	60800000	61800000	3	0.86718966969468402883	1	4.1607251155209066303	2.23721028371182146	1.4957306855553313344
chr1	60850000	61850000	3	0.86718966969468402883	1	4.1607251155209066303	2.23721028371182146	1.4957306855553313344
chr1	60900000	61900000	3	0.91341143450444306495	1	4.623027906134340544	2.4857892041162868194	1.5766385775174622497
chr1	60950000	61950000	3	0.8671896696946839178	1	4.160725115520905853	2.2372102837118212316	1.4957306855553312581
chr1	61000000	62000000	3	0.8671896696946839178	1	4.160725115520905853	2.2372102837118212316	1.4957306855553312581
chr1	61050000	62050000	3	0.8671896696946839178	1	4.160725115520905853	2.2372102837118212316	1.4957306855553312581
chr1	61100000	62100000	3	0.8671896696946839178	1	4.160725115520905853	2.2372102837118212316	1.4957306855553312581
chr1	61150000	62150000	3	0.8671896696946839178	1	4.160725115520905853	2.2372102837118212316	1.4957306855553312581
chr1	61200000	62200000	3	0.8671896696946839178	1	4.160725115520905853	2.2372102837118212316	1.4957306855553312581
chr1	61250000	62250000	4	0.75933888514152869664	1	4.623027906134339767	2.485789204116286479	1.5766385775174621418
chr1	61300000	62300000	4	0.75933888514152880767	1	4.6230279061343406274	2.4857892041162871054	1.5766385775174623405
chr1	61350000	62350000	2	0.9087973406093793338	1	3.2361195342940381817	1.740052442831915066	1.3191104740816498672
chr1	61400000	62400000	3	0.70707163774623671415	1	3.2361195342940379596	1.7400524428319150337	1.3191104740816498549
chr1	61450000	62450000	3	0.583185722370091697	1	2.7738167436806044075	1.4914735224274496551	1.2212589907253291763
chr1	61500000	62500000	4	0.55164104545945513713	1	3.6984223249074724346	1.9886313632363807916	1.4101884140909613897
chr1	61550000	62550000	4	0.55164104545945513713	1	3.6984223249074724346	1.9886313632363807916	1.4101884140909613897
chr1	61600000	62600000	4	0.55164104545945513713	1	3.6984223249074725456	1.9886313632363808188	1.4101884140909613993
chr1	61650000	62650000	4	0.2759845362415941361	1	2.7738167436806047128	1.4914735224267936379	1.2212589907250605939
chr1	61700000	62700000	3	0.58318572237011923054	1	2.7738167436806046018	1.4914735224267936351	1.2212589907250605928
chr1	61750000	62750000	3	0.58318572237011923054	1	2.7738167436806046018	1.4914735224267936351	1.2212589907250605928
chr1	61800000	62800000	3	0.58318572237011923054	1	2.7738167436806046018	1.4914735224267936351	1.2212589907250605928
chr1	61850000	62850000	3	0.58318572237011923054	1	2.7738167436806046573	1.4914735224267934632	1.2212589907250605225
chr1	61900000	62900000	3	0.42958512930585668332	1	2.3115139530671706125	1.2428946020223281113	1.1148518296268469198
chr1	61950000	62950000	3	0.42958512930585668332	1	2.3115139530671706125	1.2428946020223281113	1.1148518296268469198
chr1	62000000	63000000	3	0.42958512930585668332	1	2.3115139530671706125	1.2428946020223281113	1.1148518296268469198
chr1	62050000	63050000	3	0.42958512930585668332	1	2.3115139530671706125	1.2428946020223281113	1.1148518296268469198
chr1	62100000	63100000	3	0.42958512930585668332	1	2.3115139530671706125	1.2428946020223281113	1.1148518296268469198
chr1	62150000	63150000	3	0.42958512930585668332	1	2.3115139530671706125	1.2428946020223281113	1.1148518296268469198
chr1	62200000	63200000	3	0.58318572237011923054	1	2.7738167436806045463	1.4914735224267934299	1.2212589907250605088
chr1	62250000	63250000	3	0.58318572237011923054	1	2.7738167436806045463	1.4914735224267934299	1.2212589907250605088
chr1	62300000	63300000	4	0.55164100113691405536	1	3.698422324907472844	1.9886336231214219245	1.4101892153613365102
chr1	62350000	63350000	4	0.55164100113691405536	1	3.698422324907472844	1.9886336231214219245	1.4101892153613365102
chr1	62400000	63400000	3	0.70707148064690217293	1	3.2361195342940384037	1.7400547027169563634	1.3191113306756774134
chr1	62450000	63450000	4	0.55164100113691405536	1	3.6984223249074731216	1.9886336231214220095	1.4101892153613365404
chr1	62500000	63500000	3	0.5831856282752250209	1	2.7738167436806043867	1.491475782312490685	1.221259915952575054
chr1	62550000	63550000	3	0.5831856282752250209	1	2.7738167436806043867	1.491475782312490685	1.221259915952575054
chr1	62600000	63600000	3	0.5831856282752250209	1	2.7738167436806043867	1.491475782312490685	1.221259915952575054
chr1	62650000	63650000	3	0.70707148064690217293	1	3.236119534294038931	1.7400547027169563384	1.3191113306756774039
chr1	62700000	63700000	3	0.70707148064690217293	1	3.2361195342940380984	1.7400547027169562545	1.3191113306756773721
chr1	62750000	63750000	3	0.800329831192647112	1	3.698422324907472733	1.9886336231214218777	1.4101892153613364936
chr1	62800000	63800000	3	0.800329831192647112	1	3.698422324907472733	1.9886336231214218777	1.4101892153613364936
chr1	62850000	63850000	3	0.800329831192647112	1	3.698422324907472733	1.9886336231214218777	1.4101892153613364936
chr1	62900000	63900000	3	0.86718953013117727746	1	4.160725115520906365	2.23721254352588739	1.495731440976583667
chr1	62950000	63950000	4	0.7593387197426616497	1	4.6230279061343406482	2.4857923828534961412	1.5766395855912968105
chr1	63000000	64000000	4	0.7593387197426616497	1	4.6230279061343406482	2.4857923828534961412	1.5766395855912968105
chr1	63050000	64050000	5	0.6346894961241065225	1	5.0853306967477745096	2.7343713032579616631	1.6535934516252662227
chr1	63100000	64100000	5	0.6346894961241065225	1	5.0853306967477745096	2.7343713032579616631	1.6535934516252662227
chr1	63150000	64150000	6	0.5079129978383916111	1	5.5476334873612077195	2.9829502236624270447	1.7271219481155426058
chr1	63200000	64200000	6	0.3989127502668087244	1	5.0853306967477742875	2.7343713032579615974	1.6535934516252662027
chr1	63250000	64250000	5	0.52751824263666780013	1	4.6230279061343407454	2.485792382853496442	1.5766395855912969058
chr1	63300000	64300000	4	0.55164102743686604935	1	3.6984223249074729932	1.9886322821588682	1.4101887399064240862
chr1	63350000	64350000	4	0.66661059982686488024	1	4.1607251155209067344	2.2372112025633334022	1.495730992713373377
chr1	63400000	64400000	4	0.66661059982686488024	1	4.1607251155209067344	2.2372112025633334022	1.495730992713373377
chr1	63450000	64450000	3	0.9134113901407124869	1	4.623027906134340557	2.4857901229677990223	1.5766388689131696725
chr1	63500000	64500000	3	0.9134113901407123759	1	4.623027906134340335	2.4857901229677990148	1.57663886891316967
chr1	63550000	64550000	3	0.9134113901407123759	1	4.623027906134340335	2.4857901229677990148	1.57663886891316967
chr1	63600000	64600000	3	0.9134113901407123759	1	4.623027906134340335	2.4857901229677990148	1.57663886891316967
chr1	63650000	64650000	4	0.75933883733101203983	1	4.6230279061343408902	2.4857901229677992008	1.5766388689131697291
chr1	63700000	64700000	5	0.52751826363566045597	1	4.623027906134340668	2.485790122967799193	1.5766388689131697266
chr1	63750000	64750000	5	0.4079290709606683274	1	4.1607251155209067205	2.2372112025633332634	1.4957309927133733307
chr1	63800000	64800000	5	0.4079290709606683274	1	4.1607251155209067205	2.2372112025633332634	1.4957309927133733307
chr1	63850000	64850000	5	0.63468955539600080407	1	5.085330696747774659	2.73436926300570531	1.6535928347104390225
chr1	63900000	64900000	6	0.39891269659979328166	1	5.085330696747773859	2.734368344082561472	1.6535925568538827552
chr1	63950000	64950000	6	0.39891269659979322615	1	5.0853306967477733594	2.7343683440825609881	1.6535925568538826088
chr1	64000000	65000000	6	0.39891269659979328166	1	5.0853306967477733594	2.7343683440825609881	1.6535925568538826088
chr1	64050000	65050000	5	0.5275182701335091595	1	4.6230279061343396837	2.4857894236780957583	1.5766386471471818385
chr1	64100000	65100000	5	0.5275182701335091595	1	4.6230279061343396837	2.4857894236780957583	1.5766386471471818385
chr1	64150000	65150000	4	0.66661063036534717874	1	4.1607251155209059	2.2372105032736305113	1.4957307589515001049
chr1	64200000	65200000	4	0.66661063036534717874	1	4.1607251155209059	2.2372105032736305113	1.4957307589515001049
chr1	64250000	65250000	5	0.6346895820914226771	1	5.0853306967477734176	2.734368344098599897	1.6535925568587323249
chr1	64300000	65300000	6	0.50791300872487377127	1	5.5476334873612057996	2.9829472645030648437	1.7271210914417856312
chr1	64350000	65350000	6	0.39891269660008399356	1	5.0853306967477728794	2.7343683440985995657	1.6535925568587322247
chr1	64400000	65400000	6	0.39891269660008399356	1	5.0853306967477728794	2.7343683440985995657	1.6535925568587322247
chr1	64450000	65450000	6	0.2883398416643038753	1	4.6230279061343391217	2.4857894236941343073	1.5766386471522681494
chr1	64500000	65500000	7	0.3906946807073695127	1	6.0099362779746405864	3.2315261849075303142	1.7976446214164606996
chr1	64550000	65550000	7	0.49133392109923773594	1	6.472239068588073979	3.4801051053119980451	1.8655039815856727474
chr1	64600000	65600000	7	0.5860324393542939436	1	6.934541859201508602	3.7286840257164639452	1.9309800686999500838
chr1	64650000	65650000	6	0.69617481796987945586	1	6.472239068588073979	3.4801051053119982392	1.8655039815856727995
chr1	64700000	65700000	5	0.8550063356454571384	1	6.4722390685880731463	3.4801051053119977043	1.865503981585672656
chr1	64750000	65750000	5	0.85500633564545702736	1	6.4722390685880733683	3.4801051053119977196	1.8655039815856726601
chr1	64800000	65800000	6	0.7696030718286658301	1	6.934541859201507882	3.7286840257164632247	1.9309800686999498972
chr1	64850000	65850000	8	0.3831091746842973933	1	6.934541859201507437	3.7288236906230317312	1.931016232615104593
chr1	64900000	65900000	7	0.4913338743564906741	1	6.4722390685880746455	3.4802447702185670068	1.865541414769065642
chr1	64950000	65950000	6	0.6961706736143534746	1	6.472239068588074035	3.480244770218566618	1.8655414147690655378
chr1	65000000	66000000	6	0.69617067361435358563	1	6.472239068588073813	3.4802447702185666104	1.8655414147690655357
chr1	65050000	66050000	6	0.69617067361435358563	1	6.472239068588073813	3.4802447702185666104	1.8655414147690655357
chr1	65100000	66100000	6	0.69617067361435358563	1	6.472239068588073813	3.4802447702185666104	1.8655414147690655357
chr1	65150000	66150000	6	0.69617067361435358563	1	6.472239068588073813	3.4802447702185666104	1.8655414147690655357
chr1	65200000	66200000	6	0.69617067361435358563	1	6.472239068588073813	3.4802447702185666104	1.8655414147690655357
chr1	65250000	66250000	6	0.6083830752674461717	1	6.0099362779746395504	3.2316658497980622056	1.7976834676321808477
chr1	65300000	66300000	5	0.7252388498390176519	1	5.5476334873612073335	2.9830869293935973808	1.7271615238285032445
chr1	65350000	66350000	5	0.79827506841526418846	1	6.0099362779746402135	3.2316658497980623773	1.7976834676321808955
chr1	65400000	66400000	7	0.58603049827394726456	1	6.9345418592015074122	3.7288236906069928695	1.9310162326109516342
chr1	65450000	66450000	8	0.47695518445215262515	1	7.3968446498149409804	3.9970050728541948485	1.9992511280112348228
chr1	65500000	66500000	7	0.49132731712268956636	1	6.472239068588073568	3.499847232045261463	1.8707878639881277205
chr1	65550000	66550000	7	0.49132731712268962188	1	6.472239068588073683	3.499847232045261704	1.8707878639881277849
chr1	65600000	66600000	8	0.29062144349747837113	1	6.4722390685880736997	3.499847232045261898	1.8707878639881278367
chr1	65650000	66650000	8	0.29062144349747837113	1	6.4722390685880736997	3.499847232045261898	1.8707878639881278367
chr1	65700000	66700000	8	0.20429964137159531412	1	6.009936277974641012	3.2512683116407969201	1.803127369777519882
chr1	65750000	66750000	9	0.13936527844504134621	1	6.472239068588074001	3.4998472320452619412	1.8707878639881278483
chr1	65800000	66800000	8	0.20429964137159525861	1	6.0099362779746398184	3.2512683116407962833	1.8031273697775197054
chr1	65850000	66850000	6	0.3992681991235227379	1	5.0853306967477724058	2.7539705862918566605	1.6595091401652045919
chr1	65900000	66900000	6	0.50784089377435504	1	5.5476334873612053013	3.0025495066963215564	1.7327866304586729343
chr1	65950000	66950000	7	0.29057700230370370198	1	5.547633487361205801	3.0025495066963219723	1.7327866304586730543
chr1	66000000	67000000	7	0.3910187056301201447	1	6.0099362779746402312	3.2511284271007922816	1.8030885799374339894
chr1	66050000	67050000	8	0.2906174710100611347	1	6.472239068588073779	3.4997073475052574412	1.8707504770827288075
chr1	66100000	67100000	8	0.29061747101006107918	1	6.4722390685880735015	3.4997073475052570002	1.8707504770827286896
chr1	66150000	67150000	8	0.29061747101006107918	1	6.4722390685880735015	3.4997073475052570002	1.8707504770827286896
chr1	66200000	67200000	9	0.20928681217347480659	1	6.934541859201506132	3.7482862679097223454	1.9360491388158830369
chr1	66250000	67250000	8	0.29061747101006107918	1	6.4722390685880739733	3.499707347505257762	1.8707504770827288932
chr1	66300000	67300000	8	0.2906174710100611347	1	6.472239068588073668	3.4997073475052575908	1.8707504770827288475
chr1	66350000	67350000	8	0.2042942204229119818	1	6.0099362779746405656	3.2511284271007926375	1.803088579937434088
chr1	66400000	67400000	6	0.39926819912352284891	1	5.085330696747773294	2.7539705862918618775	1.6595091401652061637
chr1	66450000	67450000	5	0.52751827217435831585	1	4.6230279061343393316	2.4857892040446597788	1.5766385774947471387
chr1	66500000	67500000	5	0.40792905233768178563	1	4.1607251155209053362	2.2372102836401942085	1.4957306855313874346
chr1	66550000	67550000	5	0.40792905233768173012	1	4.1607251155209057803	2.2372102836401942117	1.4957306855313874357
chr1	66600000	67600000	4	0.5516410454594677937	1	3.6984223249074713417	1.9886313632357286781	1.4101884140907301746
chr1	66650000	67650000	4	0.6666106399568966223	1	4.1607251155209055583	2.23721028364019421	1.4957306855313874352
chr1	66700000	67700000	4	0.6666106399568966223	1	4.1607251155209056693	2.2372102836401945066	1.4957306855313875343
chr1	66750000	67750000	3	0.80032999311837071943	1	3.6984223249074725075	1.988631363235729237	1.4101884140907303728
chr1	66800000	67800000	4	0.66661063995689673334	1	4.1607251155209058913	2.2372102836401944709	1.4957306855313875223
chr1	66850000	67850000	4	0.75933888514525571534	1	4.623027906134340053	2.4857892040446599123	1.5766385774947471811
chr1	66900000	67900000	5	0.52751827217435831585	1	4.6230279061343396646	2.4857892040446599527	1.5766385774947471939
chr1	66950000	67950000	5	0.52751827217435831585	1	4.623027906134339211	2.485789204044654957	1.5766385774947456097
chr1	67000000	68000000	5	0.40792905233768173012	1	4.1607251155209057456	2.2372102836401894796	1.4957306855313858538
chr1	67050000	68050000	4	0.6666106399568969554	1	4.1607251155209057595	2.2372102836401896184	1.4957306855313859003
chr1	67100000	68100000	5	0.63468958847252099353	1	5.085330696747773191	2.734368124449120592	1.653592490442890404
chr1	67150000	68150000	5	0.63468958847252099353	1	5.085330696747772969	2.7343681244491205046	1.6535924904428903775
chr1	67200000	68200000	4	0.75933888514525582636	1	4.6230279061343395996	2.4857892040446552984	1.5766385774947457179
chr1	67250000	68250000	4	0.83056705467253300057	1	5.0853306967477734132	2.734368124449120639	1.6535924904428904182
chr1	67300000	68300000	5	0.7252442877150750977	1	5.547633487361207266	2.9829470448535862126	1.7271210278534582802
chr1	67350000	68350000	7	0.49133392117274965472	1	6.472239068588074917	3.4801048856625169897	1.8655039227143203704
chr1	67400000	68400000	7	0.4913339211727495437	1	6.4722390685880745263	3.4801048856625167794	1.865503922714320314
chr1	67450000	68450000	7	0.39069467707656513333	1	6.0099362779746409754	3.2315259652580512358	1.7976445603227717151
chr1	67500000	68500000	7	0.39069467707656513333	1	6.0099362779746409754	3.2315259652580512358	1.7976445603227717151
chr1	67550000	68550000	7	0.28991237570018074665	1	5.5476334873612068634	2.9829470448535859918	1.7271210278534582163
chr1	67600000	68600000	7	0.28991237570018074665	1	5.5476334873612068634	2.9829470448535859918	1.7271210278534582163
chr1	67650000	68650000	7	0.28991237570018074665	1	5.5476334873612069467	2.9829470448535858123	1.7271210278534581643
chr1	67700000	68700000	7	0.28991237570018074665	1	5.5476334873612069467	2.9829470448535858123	1.7271210278534581643
chr1	67750000	68750000	7	0.28991237570018074665	1	5.5476334873612069467	2.9829470448535858123	1.7271210278534581643
chr1	67800000	68800000	6	0.5079130095329452699	1	5.547633487361207349	2.982947044853586075	1.7271210278534582403
chr1	67850000	68850000	6	0.39891269261656309153	1	5.085330696747773191	2.7343681244491203567	1.6535924904428903328
chr1	67900000	68900000	5	0.5275182721743584269	1	4.6230279061343401547	2.485789204044655469	1.576638577494745772
chr1	67950000	68950000	4	0.6666106399568969554	1	4.160725115520906287	2.2372102836401899788	1.4957306855313860207
chr1	68000000	69000000	4	0.83056705467253300057	1	5.0853306967477737463	2.7343681244491206722	1.6535924904428904282
chr1	68050000	69050000	6	0.5079130095325914418	1	5.5476334873612080435	2.9829470449498156344	1.7271210278813166122
chr1	68100000	69100000	5	0.52751827217346436427	1	4.6230279061343407003	2.48578920414088488	1.5766385775252630422
chr1	68150000	69150000	5	0.52751827217346436427	1	4.6230279061343407003	2.48578920414088488	1.5766385775252630422
chr1	68200000	69200000	5	0.52751827217346436427	1	4.6230279061343407003	2.48578920414088488	1.5766385775252630422
chr1	68250000	69250000	6	0.28833983250501959983	1	4.623027906134339923	2.4857892041408847774	1.5766385775252630097
chr1	68300000	69300000	5	0.52751827217346425325	1	4.6230279061343405615	2.4857892041408849774	1.5766385775252630731
chr1	68350000	69350000	3	0.83677473311570615966	1	3.9504203283161675392	2.177126373018680215	1.4755088522332491296
chr1	68400000	69400000	4	0.6666106399526946502	1	4.160725115520906745	2.237210283736419584	1.4957306855635541129
chr1	68450000	69450000	4	0.6666106399526946502	1	4.160725115520906745	2.237210283736419584	1.4957306855635541129
chr1	68500000	69500000	4	0.7593388851402490536	1	4.6230279061343417827	2.485789204140885347	1.5766385775252631903
chr1	68550000	69550000	4	0.7593388851402490536	1	4.6230279061343418938	2.485789204140885493	1.5766385775252632366
chr1	68600000	69600000	5	0.634689588469725563	1	5.085330696747774174	2.7343681245453502167	1.6535924904719875441
chr1	68650000	69650000	7	0.39078365969326112062	1	6.0099362779746425306	3.2369090660045767333	1.799141202353105117
chr1	68700000	69700000	7	0.5859576273907001198	1	6.934541859201510159	3.7340669068135075674	1.9323733870071559147
chr1	68750000	69750000	7	0.5859576273907001198	1	6.93454185920151027	3.7340669068135077966	1.932373387007155974
chr1	68800000	69800000	8	0.38318919680111213077	1	6.9345418592015109537	3.7340669068135076167	1.9323733870071559275
chr1	68850000	69850000	8	0.38318919680111213077	1	6.9345418592015109537	3.7340669068135076167	1.9323733870071559275
chr1	68900000	69900000	8	0.47692960811098494833	1	7.396844649814943862	3.9826458272179729651	1.9956567408294375726
chr1	68950000	69950000	8	0.47692960811098500384	1	7.396844649814944313	3.9826458272179733452	1.9956567408294376678
chr1	69000000	70000000	8	0.38318919680111213077	1	6.9345418592015100655	3.7340669068135073762	1.9323733870071558653
chr1	69050000	70050000	6	0.60827847460126494017	1	6.009936277974642858	3.2369090659083476745	1.7991412023263620635
chr1	69100000	70100000	7	0.58595761276228064407	1	6.9345418592015100694	3.7340679625176172718	1.9323736601696932858
chr1	69150000	70150000	7	0.5859576127622808661	1	6.934541859201510097	3.7340679625176173848	1.9323736601696933151
chr1	69200000	70200000	7	0.74375920716555332657	1	7.8591474404283773215	4.231225803330350805	2.0569943615212830245
chr1	69250000	70250000	7	0.7437592071655534376	1	7.8591474404283776546	4.231225803330351079	2.056994361521283091
chr1	69300000	70300000	7	0.74375920716555332657	1	7.85914744042837635	4.231225803330350366	2.0569943615212829178
chr1	69350000	70350000	7	0.74347567970383365843	1	7.857351526141469809	4.2310871761083976954	2.0569606646964345136
chr1	69400000	70400000	6	0.8286474037028682682	1	7.396844649814942165	3.982646882925884897	1.9956570053307970429
chr1	69450000	70450000	6	0.8749825885283457616	1	7.8591474404283754064	4.231225803330350082	2.0569943615212828488
chr1	69500000	70500000	7	0.80442414256330307953	1	8.32145023104181003	4.479804723734815617	2.1165549186673176464
chr1	69550000	70550000	7	0.80442414256330307953	1	8.32145023104181003	4.479804723734815617	2.1165549186673176464
chr1	69600000	70600000	6	0.8749825885283457616	1	7.859147440428376428	4.2312258033303507113	2.0569943615212830017
chr1	69650000	70650000	4	0.9473735550846805742	1	6.4722390685880750367	3.4801059414666585528	1.8655042056952481052
chr1	69700000	70700000	4	0.8832283922909429652	1	5.5476334873612071353	2.9829481006577278906	1.7271213335077903237
chr1	69750000	70750000	5	0.7982807580641613221	1	6.0099362779746408605	3.2315270210621933275	1.797644853985957185
chr1	69800000	70800000	5	0.79828075806416110005	1	6.009936277974640139	3.2315270210621931124	1.7976448539859571251
chr1	69850000	70850000	5	0.8977079417972100295	1	6.934541859201507474	3.728684861871123841	1.9309802852103705103
chr1	69900000	70900000	5	0.85500630373864605627	1	6.4722390685880749534	3.4801059414666587286	1.8655042056952481522
chr1	69950000	70950000	5	0.85500630373864594524	1	6.4722390685880741485	3.4801059414666585252	1.8655042056952480978
chr1	70000000	71000000	5	0.85500630373864605627	1	6.4722390685880748424	3.4801059414666586718	1.865504205695248137
chr1	70050000	71050000	5	0.85500630373864605627	1	6.4722390685880748424	3.4801059414666586718	1.865504205695248137
chr1	70100000	71100000	6	0.6654912535817093522	1	6.310657239986103646	3.4418138302803975392	1.8552126105329269077
chr1	70150000	71150000	6	0.69617482448754552937	1	6.472239068588074765	3.4801048856664578161	1.8655039227153766069
chr1	70200000	71200000	6	0.5079130095329448258	1	5.5476334873612073283	2.9829470448537246962	1.7271210278534983711
chr1	70250000	71250000	5	0.72524428771506976865	1	5.5476334873612076614	2.982947044853724542	1.7271210278534983264
chr1	70300000	71300000	5	0.63468958847251699673	1	5.0853306967477746683	2.7343681244492595102	1.653592490442932409
chr1	70350000	71350000	5	0.63468958847251699673	1	5.0853306967477746683	2.7343681244492595102	1.653592490442932409
chr1	70400000	71400000	5	0.72524428771506976865	1	5.5476334873612078834	2.9829470448537247738	1.7271210278534983936
chr1	70450000	71450000	5	0.6346895884725172188	1	5.085330696747775043	2.7343681244492597643	1.6535924904429324857
chr1	70500000	71500000	4	0.6666106399568910712	1	4.160725115520906887	2.2372102836403286365	1.4957306855314323719
chr1	70550000	71550000	4	0.6666106399568910712	1	4.160725115520906887	2.2372102836403286365	1.4957306855314323719
chr1	70600000	71600000	4	0.6666106399568910712	1	4.160725115520906887	2.2372102836403286365	1.4957306855314323719
chr1	70650000	71650000	7	0.28991390445781645147	1	5.5476334873612088653	2.982992133950320954	1.7271340810574959395
chr1	70700000	71700000	7	0.28991390445781639595	1	5.5476334873612081714	2.9829921339503206452	1.72713408105749585
chr1	70750000	71750000	6	0.39891351034381650198	1	5.0853306967477746583	2.7344132135458552376	1.6536061240651763012
chr1	70800000	71800000	6	0.50791284365232247655	1	5.5476334873612096824	2.9829921344241560593	1.7271340811946697438
chr1	70850000	71850000	6	0.28834171353989035413	1	4.623027906134341813	2.485834293615225656	1.5766528767028034874
chr1	70900000	71900000	6	0.3989135103524097392	1	5.0853306967477745603	2.7344132140196907765	1.6536061242084496999
chr1	70950000	71950000	6	0.39891351035240979472	1	5.0853306967477755595	2.734413214019690856	1.653606124208449724
chr1	71000000	72000000	7	0.19619792251649600945	1	5.0853306967477742966	2.7344132140196905497	1.6536061242084496313
chr1	71050000	72050000	7	0.19619792251649600945	1	5.0853306967477742966	2.7344132140196905497	1.6536061242084496313
chr1	71100000	72100000	7	0.28192982307839897782	1	5.5082478560897475822	2.9784714496957887953	1.7258248606668605975
chr1	71150000	72150000	7	0.19619792251649639803	1	5.0853306967477745755	2.734413214019699484	1.6536061242084523327
chr1	71200000	72200000	7	0.19619792251649639803	1	5.0853306967477745755	2.734413214019699484	1.6536061242084523327
chr1	71250000	72250000	7	0.116974279573631476103	1	4.6230279061343403707	2.4858342936152336446	1.5766528767028060208
chr1	71300000	72300000	7	0.116974279573631476103	1	4.6230279061343403707	2.4858342936152336446	1.5766528767028060208
chr1	71350000	72350000	7	0.116974279573631476103	1	4.6230279061343403707	2.4858342936152336446	1.5766528767028060208
chr1	71400000	72400000	7	0.116974279573631476103	1	4.6230279061343406482	2.4858342936152335062	1.5766528767028059769
chr1	71450000	72450000	7	0.116974279573631476103	1	4.6230279061343406482	2.4858342936152335062	1.5766528767028059769
chr1	71500000	72500000	7	0.19619792251649639803	1	5.085330696747774506	2.7344132140196990048	1.6536061242084521878
chr1	71550000	72550000	7	0.19619792251649639803	1	5.085330696747774506	2.7344132140196990048	1.6536061242084521878
chr1	71600000	72600000	7	0.19619792251649639803	1	5.085330696747774284	2.7344132140196989816	1.6536061242084521808
chr1	71650000	72650000	4	0.6666106399361978463	1	4.160725115520906566	2.2372102841141726054	1.4957306856898311977
chr1	71700000	72700000	4	0.6666106399361978463	1	4.160725115520906566	2.2372102841141726054	1.4957306856898311977
chr1	71750000	72750000	4	0.6666106399361978463	1	4.160725115520906566	2.2372102841141726054	1.4957306856898311977
chr1	71800000	72800000	3	0.7070716377462722413	1	3.2361195342940385425	1.7400524428314060941	1.3191104740814569448
chr1	71850000	72850000	3	0.80032999311836039436	1	3.6984223249074724867	1.9886313632358718327	1.4101884140907809319
chr1	71900000	72900000	3	0.7070716377462722413	1	3.2361195342940391392	1.7400524428314065287	1.3191104740814571095
chr1	71950000	72950000	3	0.7070716377462722413	1	3.2361195342940391392	1.7400524428314065287	1.3191104740814571095
chr1	72000000	73000000	2	0.9087973406094175255	1	3.2361195342940393613	1.740052442831406561	1.3191104740814571217
chr1	72050000	73050000	2	0.90879734060941741447	1	3.2361195342940386535	1.740052442831406179	1.319110474081456977
chr1	72100000	73100000	0	1.0000000000000008882	1	2.3115139530671706125	1.2428946020223281113	1.1148518296268469198
chr1	72150000	73150000	0	1.0000000000000008882	1	2.3115139530671706125	1.2428946020223281113	1.1148518296268469198
chr1	72200000	73200000	0	1.0000000000000008882	1	2.3115139530671706125	1.2428946020223281113	1.1148518296268469198
chr1	72250000	73250000	0	1.0000000000000008882	1	2.3115139530671706125	1.2428946020223281113	1.1148518296268469198
chr1	72300000	73300000	0	1.0000000000000008882	1	2.3115139530671706125	1.2428946020223281113	1.1148518296268469198
chr1	72350000	73350000	1	0.9863919189548009392	1	3.236119534294038813	1.7673490797443116104	1.329416819415307236
chr1	72400000	73400000	1	0.97469192547842198326	1	2.773816743680604685	1.5187701593398460209	1.2323839334151699419
chr1	72450000	73450000	1	0.97469192547842198326	1	2.773816743680604685	1.5187701593398460209	1.2323839334151699419
chr1	72500000	73500000	1	0.9529324793214919431	1	2.3115139530671706958	1.2701912389353804233	1.1270276123216238322
chr1	72550000	73550000	1	0.97469192547842198326	1	2.773816743680604574	1.5187701593398459875	1.2323839334151699284
chr1	72600000	73600000	1	0.98639191895480071715	1	3.2361195342940385633	1.7673490797443114392	1.3294168194153071716
chr1	72650000	73650000	1	0.97469192547842198326	1	2.773816743680604685	1.5187701593398460209	1.2323839334151699419
chr1	72700000	73700000	1	0.9926829708169594424	1	3.698422324907472556	2.0159281566151236581	1.4198338482425060351
chr1	72750000	73750000	1	0.9926829708169594424	1	3.698422324907472556	2.0159281566151236581	1.4198338482425060351
chr1	72800000	73800000	1	0.9926829708169594424	1	3.698422324907472556	2.0159281566151236581	1.4198338482425060351
chr1	72850000	73850000	1	0.9863919152725590944	1	3.236119534294038369	1.7673492362106580243	1.3294168782630443286
chr1	72900000	73900000	1	0.9863919152725590944	1	3.236119534294038369	1.7673492362106580243	1.3294168782630443286
chr1	72950000	73950000	1	0.9926829708169594424	1	3.698422324907472341	2.0159281566151233038	1.4198338482425059104
chr1	73000000	74000000	1	0.99268297081695922035	1	3.698422324907472223	2.0159281566151235842	1.4198338482425060091
chr1	73050000	74050000	1	0.99268297081695922035	1	3.698422324907472223	2.0159281566151235842	1.4198338482425060091
chr1	73100000	74100000	1	0.99788451304216752025	1	4.623027906134340225	2.5130859974240542442	1.5852715847526108497
chr1	73150000	74150000	2	0.988295285657389444	1	5.0853306967477737684	2.7616649178285197469	1.6618257784221906055
chr1	73200000	74200000	2	0.988295285657389444	1	5.0853306967477737684	2.7616649178285197469	1.6618257784221906055
chr1	73250000	74250000	2	0.988295285657389444	1	5.0853306967477737684	2.7616649178285197469	1.6618257784221906055
chr1	73300000	74300000	2	0.99605044023111366513	1	6.0099362779746418697	3.2588227586374511051	1.8052209722461821391
chr1	73350000	74350000	1	0.9989137851765388376	1	5.0853306967477744276	2.7343682809154679818	1.6535925377539256366
chr1	73400000	74400000	1	0.9994159453206311605	1	5.5476334873612086957	2.9829472013199336102	1.7271210731503259642
chr1	73450000	74450000	1	0.9994159453206311605	1	5.5476334873612086957	2.9829472013199336102	1.7271210731503259642
chr1	73500000	74500000	2	0.9961758243389909895	1	6.0099362779746429283	3.231526121724398849	1.7976446038425945913
chr1	73550000	74550000	2	0.99339002417936905776	1	5.5476334873612085014	2.982947201319933372	1.7271210731503258952
chr1	73600000	74600000	2	0.98864078970484636777	1	5.0853306967477747086	2.7343682809154676431	1.6535925377539255342
chr1	73650000	74650000	3	0.97806812450221369826	1	6.009936277974642644	3.2315261217243989593	1.797644603842594622
chr1	73700000	74700000	3	0.9648946232111323962	1	5.5476334873612098424	2.9829470448535872857	1.7271210278534585909
chr1	73750000	74750000	3	0.9648946232111323962	1	5.5476334873612098424	2.9829470448535872857	1.7271210278534585909
chr1	73800000	74800000	4	0.92098294340319353246	1	6.009936277974643893	3.2315259652580528838	1.7976445603227721735
chr1	73850000	74850000	4	0.9473735831536472807	1	6.4722390685880777966	3.4801048856625185323	1.8655039227143207839
chr1	73900000	74900000	4	0.9473735831536472807	1	6.4722390685880771097	3.4801048856625181886	1.8655039227143206918
chr1	73950000	74950000	4	0.9473735831536472807	1	6.4722390685880768877	3.4801048856625181173	1.8655039227143206727
chr1	74000000	75000000	4	0.9209829434031933104	1	6.0099362779746430046	3.2315259652580526355	1.7976445603227721045
chr1	74050000	75050000	5	0.85500634402705821824	1	6.4722390685880766656	3.4801048856625179404	1.8655039227143206252
chr1	74100000	75100000	6	0.6083858659241284661	1	6.009936277974642949	3.231525965258052508	1.797644560322772069
chr1	74150000	75150000	5	0.79828080133360102	1	6.0099362779746429543	3.2315259652779641222	1.7976445603283103202
chr1	74200000	75200000	5	0.79828080133360102	1	6.0099362779746429543	3.2315259652779641222	1.7976445603283103202
chr1	74250000	75250000	5	0.8550063440262983816	1	6.4722390685880770126	3.4801048856824293944	1.8655039227196573747
chr1	74300000	75300000	6	0.6083858659237313393	1	6.0099362779746422535	3.2315259652779637892	1.7976445603283102275
chr1	74350000	75350000	6	0.6083858659237313393	1	6.0099362779746422535	3.2315259652779637892	1.7976445603283102275
chr1	74400000	75400000	6	0.5079130095328722172	1	5.5476334873612086615	2.982947044873498165	1.7271210278592227728
chr1	74450000	75450000	6	0.5079130095328722172	1	5.5476334873612086615	2.982947044873498165	1.7271210278592227728
chr1	74500000	75500000	5	0.6346895884719427894	1	5.085330696747774431	2.7343681244690324758	1.6535924904489111993
chr1	74550000	75550000	5	0.6346895884719427894	1	5.085330696747774431	2.7343681244690324758	1.6535924904489111993
chr1	74600000	75600000	5	0.63468958847194256734	1	5.0853306967477742507	2.7343681244690326735	1.6535924904489112591
chr1	74650000	75650000	4	0.66661063995602753973	1	4.1607251155209065713	2.2372102836601015753	1.4957306855380421643
chr1	74700000	75700000	4	0.5516410454590775503	1	3.6984223249074725734	1.9886313632556361645	1.4101884140977886238
chr1	74750000	75750000	4	0.55164104545907743926	1	3.698422324907472268	1.9886313632556358551	1.410188414097788514
chr1	74800000	75800000	3	0.80032999311694419386	1	3.6984223249074717685	1.9886313632556356401	1.4101884140977884378
chr1	74850000	75850000	5	0.40793815804557315152	1	4.1607251155209060665	2.2376595910443451923	1.4958808746168075774
chr1	74900000	75900000	5	0.40793815804557315152	1	4.1607251155209058445	2.2376595910443451173	1.4958808746168075523
chr1	74950000	75950000	5	0.40793815804557320703	1	4.1607251155209066355	2.2376595910443455393	1.4958808746168076934
chr1	75000000	76000000	5	0.40793815804557320703	1	4.1607251155209066355	2.2376595910443455393	1.4958808746168076934
chr1	75050000	76050000	5	0.5272992696398143275	1	4.6230279061343399543	2.5093703354910935459	1.5840992189541327925
chr1	75100000	76100000	5	0.52729926963999418366	1	4.623027906134340206	2.5093703354711822666	1.5840992189478480601
chr1	75150000	76150000	6	0.28932325484126986126	1	4.6230279061343401504	2.5093703354711820756	1.5840992189478479998
chr1	75200000	76200000	6	0.39934023058178391707	1	5.0853306967477738027	2.7579492558756473859	1.6607074564400701172
chr1	75250000	76250000	7	0.19731474468118173626	1	5.0853306967477740663	2.7579492558756476493	1.6607074564400701966
chr1	75300000	76300000	6	0.28932325484126991677	1	4.623027906134340206	2.5093703354711822666	1.5840992189478480601
chr1	75350000	76350000	6	0.39934023058178397259	1	5.0853306967477738027	2.7579492558756473859	1.6607074564400701172
chr1	75400000	76400000	8	0.29357095690361556528	1	6.4722390685880763026	3.6038681882230951985	1.8983856795243413336
chr1	75450000	76450000	8	0.29357095690361556528	1	6.4722390685880759505	3.6038681882230950676	1.8983856795243412991
chr1	75500000	76500000	8	0.29357095690361556528	1	6.4722390685880759505	3.6038681882230950676	1.8983856795243412991
chr1	75550000	76550000	8	0.29357095690361556528	1	6.4722390685880759505	3.6038681882230950676	1.8983856795243412991
chr1	75600000	76600000	8	0.29357095690361556528	1	6.4722390685880759505	3.6038681882230950676	1.8983856795243412991
chr1	75650000	76650000	8	0.29357095690361556528	1	6.4722390685880759505	3.6038681882230950676	1.8983856795243412991
chr1	75700000	76700000	8	0.38497955805391198547	1	6.934541859201510015	3.8524471086275608332	1.9627651689969334774
chr1	75750000	76750000	8	0.38497955805391204098	1	6.934541859201509793	3.8524471086275604431	1.9627651689969333779
chr1	75800000	76800000	8	0.2935709569036156208	1	6.4722390685880766877	3.603868188223095503	1.8983856795243414137
chr1	75850000	76850000	6	0.50746912676240230056	1	5.5476334873612085236	3.1062610400299207043	1.7624588052008253121
chr1	75900000	76900000	6	0.50746912676240230056	1	5.5476334873612085236	3.1062610400299207043	1.7624588052008253121
chr1	75950000	76950000	6	0.40112144801067245448	1	5.0853306967477745325	2.857682119625455157	1.6904680179244608107
chr1	76000000	77000000	6	0.40112144801067245448	1	5.0853306967477745325	2.857682119625455157	1.6904680179244608107
chr1	76050000	77050000	7	0.20095083093412660635	1	5.085330696747774843	2.834550295583172192	1.6836122759065319289
chr1	76100000	77100000	6	0.2925193847415744064	1	4.6230279061343408616	2.5859713751787067322	1.608095574018754251
chr1	76150000	77150000	5	0.40995966969272973346	1	4.1607251155209070033	2.3373924547742411018	1.5288533136878243696
chr1	76200000	77200000	5	0.28983346740426996213	1	3.6984223249074729863	2.0888135343697756647	1.44527282350765029
chr1	76250000	77250000	4	0.4203386255989088327	1	3.2361195342940389727	1.8402346139653104796	1.3565524737234864811
chr1	76300000	77300000	4	0.5496765934409162391	1	3.6984223249074729863	2.0888135343697755318	1.445272823507650244
chr1	76350000	77350000	4	0.4203386255989088327	1	3.236119534294038931	1.8402346139653101157	1.3565524737234863469
chr1	76400000	77400000	2	0.6289357663986354652	1	1.8492111624537365122	0.9943156816178624892	0.99715379035425748575
chr1	76450000	77450000	2	0.76183619112715450505	1	2.3115139530671704599	1.2428946020223280098	1.1148518296268468742
chr1	76500000	77500000	2	0.76183619112715450505	1	2.3115139530671704599	1.2428946020223280098	1.1148518296268468742
chr1	76550000	77550000	2	0.76183619112715450505	1	2.3115139530671704599	1.2428946020223280098	1.1148518296268468742
chr1	76600000	77600000	3	0.58318572237011923054	1	2.7738167436806045463	1.4914735224267934299	1.2212589907250605088
chr1	76650000	77650000	3	0.70707163774628245534	1	3.2361195342940386119	1.7400524428312589125	1.3191104740814011566
chr1	76700000	77700000	3	0.58318572237011923054	1	2.7738167436806045463	1.4914735224267934299	1.2212589907250605088
chr1	76750000	77750000	4	0.4180045018685680791	1	3.2361195342940381678	1.7400524428312587366	1.3191104740814010899
chr1	76800000	77800000	4	0.5516410454594679047	1	3.6984223249074720842	1.9886313632357246666	1.4101884140907287523
chr1	76850000	77850000	5	0.40792905233768173012	1	4.160725115520906176	2.2372102836401899417	1.4957306855313860083
chr1	76900000	77900000	5	0.40792905233768173012	1	4.160725115520906176	2.2372102836401899417	1.4957306855313860083
chr1	76950000	77950000	5	0.52751827217435831585	1	4.6230279061343394886	2.4857892040446551527	1.5766385774947456717
chr1	77000000	78000000	5	0.52751827217435831585	1	4.6230279061343394886	2.4857892040446551527	1.5766385774947456717
chr1	77050000	78050000	3	0.8671896696991079345	1	4.160725115520906065	2.237210283640190053	1.4957306855313860455
chr1	77100000	78100000	3	0.8671896696991077125	1	4.160725115520905954	2.2372102836401899402	1.4957306855313860078
chr1	77150000	78150000	3	0.8671896696991077125	1	4.160725115520905954	2.2372102836401899402	1.4957306855313860078
chr1	77200000	78200000	3	0.8671896696991077125	1	4.160725115520905954	2.2372102836401899402	1.4957306855313860078
chr1	77250000	78250000	4	0.7593388851452559374	1	4.6230279061343392665	2.4857892040446551002	1.576638577494745655
chr1	77300000	78300000	5	0.52751827217435831585	1	4.6230279061343392665	2.4857892040446551002	1.576638577494745655
chr1	77350000	78350000	7	0.28991237570439676308	1	5.5476334873612073756	2.9829470449779328283	1.7271210278894565148
chr1	77400000	78400000	7	0.28991237570439676308	1	5.547633487361207112	2.982947044977933021	1.7271210278894565705
chr1	77450000	78450000	7	0.2899123757043968186	1	5.5476334873612073964	2.9829470449779329592	1.7271210278894565526
chr1	77500000	78500000	7	0.28991237570439676308	1	5.5476334873612073756	2.9829470449779328283	1.7271210278894565148
chr1	77550000	78550000	7	0.39069467707862060024	1	6.009936277974640706	3.2315259653823983196	1.7976445603573578304
chr1	77600000	78600000	7	0.49133392117270802135	1	6.4722390685880750692	3.48010488578686434	1.8655039227476484565
chr1	77650000	78650000	7	0.39069467707862060024	1	6.009936277974641022	3.231525965382398582	1.7976445603573579033
chr1	77700000	78700000	7	0.39069467707862060024	1	6.009936277974641022	3.231525965382398582	1.7976445603573579033
chr1	77750000	78750000	6	0.507913009532487858	1	5.5476334873612070447	2.9829470449779328905	1.7271210278894565328
chr1	77800000	78800000	6	0.507913009532487969	1	5.5476334873612080023	2.982947044977933106	1.7271210278894565951
chr1	77850000	78850000	5	0.6346895884689086609	1	5.0853306967477739107	2.7343681245734676333	1.6535924904804894624
chr1	77900000	78900000	5	0.6346895884689086609	1	5.0853306967477743756	2.7343681245734678892	1.6535924904804895398
chr1	77950000	78950000	5	0.52751827217320301777	1	4.6230279061343401226	2.4857892041690021622	1.5766385775341798867
chr1	78000000	79000000	5	0.79828063511571667465	1	6.0099362779746423914	3.2315300210323985076	1.7976456884025835495
chr1	78050000	79050000	5	0.7252441300507744826	1	5.547633487361209169	2.9829511006279332962	1.7271222019961220151
chr1	78100000	79100000	5	0.79828063511571667465	1	6.009936277974642505	3.2315300210323984545	1.7976456884025835347
chr1	78150000	79150000	5	0.79828063511571667465	1	6.009936277974642505	3.2315300210323984545	1.7976456884025835347
chr1	78200000	79200000	5	0.79828063511571667465	1	6.0099362779746425024	3.2315300210323983782	1.7976456884025835135
chr1	78250000	79250000	5	0.85500618926283511456	1	6.472239068588076492	3.4801089414368639261	1.865505009759251203
chr1	78300000	79300000	4	0.9209828019614950678	1	6.0099362779746425024	3.2315300210323983782	1.7976456884025835135
chr1	78350000	79350000	3	0.9648945221623761448	1	5.547633487361208478	2.9829511005035863592	1.727122201960123712
chr1	78400000	79400000	4	0.9209828019658313769	1	6.009936277974642256	3.2315300209080515617	1.7976456883679974943
chr1	78450000	79450000	4	0.88322826198847370627	1	5.5476334873612081727	2.982951100503586129	1.7271222019601236453
chr1	78500000	79500000	4	0.92098280196583159896	1	6.009936277974642173	3.2315300209080514004	1.7976456883679974494
chr1	78550000	79550000	4	0.8832282619884738173	1	5.5476334873612094772	2.9829511005035864541	1.7271222019601237394
chr1	78600000	79600000	3	0.9134112386941473094	1	4.6230279061343410203	2.4857932596946550796	1.5766398636640693158
chr1	78650000	79650000	3	0.9134112386941473094	1	4.6230279061343410203	2.4857932596946550796	1.5766398636640693158
chr1	78700000	79700000	4	0.8305668506785155447	1	5.085330696747774883	2.7343721800991208375	1.6535937167572695023
chr1	78750000	79750000	4	0.8305668506785155447	1	5.085330696747774883	2.7343721800991208375	1.6535937167572695023
chr1	78800000	79800000	4	0.83056685067851565574	1	5.085330696747774661	2.7343721800991208368	1.6535937167572695021
chr1	78850000	79850000	4	0.83056685067851565574	1	5.085330696747774661	2.7343721800991208368	1.6535937167572695021
chr1	78900000	79900000	4	0.88322826198847370627	1	5.5476334873612079507	2.9829511005035859448	1.727122201960123592
chr1	78950000	79950000	5	0.7982806351208128204	1	6.009936277974642506	3.2315300209080514298	1.7976456883679974577
chr1	79000000	80000000	6	0.39891269261656320255	1	5.0853306967477748426	2.7343681244491214678	1.6535924904428906688
chr1	79050000	80050000	6	0.5079130095329453809	1	5.547633487361208827	2.9829470448535869416	1.7271210278534584912
chr1	79100000	80100000	6	0.5079130095329453809	1	5.547633487361207488	2.9829470448535863453	1.7271210278534583186
chr1	79150000	80150000	6	0.5079130095329453809	1	5.547633487361207488	2.9829470448535863453	1.7271210278534583186
chr1	79200000	80200000	6	0.5079130095329454919	1	5.547633487361208029	2.9829470448535866155	1.7271210278534583969
chr1	79250000	80250000	6	0.39891269261656309153	1	5.085330696747773344	2.7343681244491205877	1.6535924904428904027
chr1	79300000	80300000	6	0.39891269261656309153	1	5.085330696747773344	2.7343681244491205877	1.6535924904428904027
chr1	79350000	80350000	5	0.5275182721743584269	1	4.6230279061343400437	2.485789204044655472	1.5766385774947457729
chr1	79400000	80400000	6	0.50773894118740858783	1	5.547633487361208236	3.0302621971603994873	1.7407648310901732735
chr1	79450000	80450000	6	0.50773894118740858783	1	5.547633487361208236	3.0302621971603994873	1.7407648310901732735
chr1	79500000	80500000	6	0.3997707911889674115	1	5.0853306967477743226	2.7816832767559339329	1.667837904820469636
chr1	79550000	80550000	6	0.3997707911889674115	1	5.0853306967477743226	2.7816832767559339329	1.667837904820469636
chr1	79600000	80600000	6	0.3997707911889674115	1	5.0853306967477743226	2.7816832767559339329	1.667837904820469636
chr1	79650000	80650000	6	0.3997707911889674115	1	5.0853306967477743226	2.7816832767559339329	1.667837904820469636
chr1	79700000	80700000	6	0.3997707911889674115	1	5.0853306967477741006	2.7816832767559339327	1.667837904820469636
chr1	79750000	80750000	6	0.3997707911889674115	1	5.0853306967477739896	2.7816832767559336868	1.6678379048204695623
chr1	79800000	80800000	6	0.3997707911889674115	1	5.0853306967477743226	2.7816832767559339329	1.667837904820469636
chr1	79850000	80850000	6	0.50773894118740858783	1	5.547633487361209013	3.030262197160399929	1.7407648310901734003
chr1	79900000	80900000	6	0.399770791188967467	1	5.0853306967477743226	2.7816832767559339329	1.667837904820469636
chr1	79950000	80950000	6	0.50773894118740858783	1	5.547633487361208458	3.0302621971603995038	1.7407648310901732782
chr1	80000000	81000000	5	0.7233959674330306955	1	5.547633487361207716	3.030500178639685091	1.7408331851845210878
chr1	80050000	81050000	5	0.63330836724958172734	1	5.0853306967477735954	2.7819212582352195596	1.6679092476016851797
chr1	80100000	81100000	5	0.5270765297117304682	1	4.6230279061343404184	2.5333423378307544272	1.5916476801826321347
chr1	80150000	81150000	8	0.2053876706602685287	1	6.0099362779746416103	3.279091481118767596	1.8108261874400777496
chr1	80200000	81200000	10	0.093461788346316451714	1	6.934541859201508798	3.77624932193362196	1.9432573998144512302
chr1	80250000	81250000	9	0.21021607651236970393	1	6.9345418592015098526	3.7762493219336230078	1.9432573998144514998
chr1	80300000	81300000	9	0.21021607651236970393	1	6.9345418592015098526	3.7762493219336230078	1.9432573998144514998
chr1	80350000	81350000	9	0.29047962021741802197	1	7.396844649814943713	4.0248282423380881837	2.0061974584616759961
chr1	80400000	81400000	8	0.29006261131528271457	1	6.47223906858807642	3.480355249222344626	1.8655710249739473872
chr1	80450000	81450000	8	0.2900626113152828256	1	6.472239068588076309	3.4803552492223445948	1.8655710249739473789
chr1	80500000	81500000	8	0.2900626113152828256	1	6.472239068588076309	3.4803552492223445948	1.8655710249739473789
chr1	80550000	81550000	9	0.20864359844483856832	1	6.934541859201509433	3.7289341696268099588	1.9310448388441967918
chr1	80600000	81600000	10	0.21219906866958701541	1	7.859147440428375804	4.226092010453397126	2.055746095813730866
chr1	80650000	81650000	12	0.10576201456677741808	1	8.783753021655241865	4.723249851262327226	2.1733039021872498414
chr1	80700000	81700000	11	0.15160320359782319954	1	8.321450231041808859	4.4746709308578618376	2.1153418000072380354
chr1	80750000	81750000	11	0.21463305179511246723	1	8.783753021655242087	4.7232498512623272502	2.173303902187249847
chr1	80800000	81800000	11	0.15160320359782319954	1	8.321450231041808619	4.4746709308578615913	2.1153418000072379771
chr1	80850000	81850000	11	0.09950392349504755263	1	7.8591474404283751935	4.2260920104533968465	2.055746095813730798
chr1	80900000	81900000	12	0.0663485505499789574	1	8.321450231041808678	4.4746709308578621073	2.1153418000072380992
chr1	80950000	81950000	11	0.09949720234110168149	1	7.8591474404283762152	4.2258540289741112817	2.055688212977374466
chr1	81000000	82000000	11	0.059599958371401987045	1	7.3968446498149433106	3.977275108569646338	1.9943106850663079015
chr1	81050000	82050000	11	0.059599958371401987045	1	7.3968446498149433106	3.977275108569646338	1.9943106850663079015
chr1	81100000	82100000	11	0.059599958371401987045	1	7.3968446498149424497	3.9772751085696458812	1.994310685066307787
chr1	81150000	82150000	8	0.2035275459499164552	1	6.009936277974641078	3.23152596528163262	1.7976445603293306826
chr1	81200000	82200000	7	0.28991237570077943442	1	5.5476334873612072555	2.9829470448712431376	1.7271210278585699443
chr1	81250000	82250000	7	0.1961957824055448052	1	5.0853306967477739974	2.734368124466777887	1.6535924904482294748
chr1	81300000	82300000	7	0.28991237570077943442	1	5.5476334873612069103	2.9829470448712428747	1.7271210278585698682
chr1	81350000	82350000	7	0.1961957824055448052	1	5.0853306967477740876	2.7343681244667778678	1.6535924904482294691
chr1	81400000	82400000	6	0.28833983250174172186	1	4.6230279061343399656	2.4857892040623125456	1.5766385775003453675
chr1	81450000	82450000	6	0.39891269261688327985	1	5.0853306967477740425	2.7343681244667780979	1.6535924904482295386
chr1	81500000	82500000	7	0.28991237570077948993	1	5.5476334873612075764	2.9829470448712433553	1.7271210278585700073
chr1	81550000	82550000	6	0.39891269261688333536	1	5.085330696747774372	2.7343681244667781187	1.6535924904482295449
chr1	81600000	82600000	6	0.2883398325010051444	1	4.6230279061343405433	2.4857892040446557759	1.5766385774947458693
chr1	81650000	82650000	5	0.40792905233768173012	1	4.160725115520906176	2.2372102836401899417	1.4957306855313860083
chr1	81700000	82700000	5	0.40792905233768173012	1	4.160725115520906176	2.2372102836401899417	1.4957306855313860083
chr1	81750000	82750000	6	0.18551908302965725017	1	4.160725115520906398	2.2372102836401899805	1.4957306855313860213
chr1	81800000	82800000	6	0.18551908302965725017	1	4.160725115520906398	2.2372102836401899805	1.4957306855313860213
chr1	81850000	82850000	6	0.18551908302965725017	1	4.160725115520906398	2.2372102836401899805	1.4957306855313860213
chr1	81900000	82900000	6	0.18551908302965722242	1	4.160725115520905954	2.2372102836401899402	1.4957306855313860078
chr1	81950000	82950000	6	0.1005305242675809535	1	3.6984223249074718969	1.9886313632357241928	1.4101884140907285843
chr1	82000000	83000000	6	0.1855190830296571669	1	4.1607251155209058705	2.2372102836401897457	1.4957306855313859428
chr1	82050000	83050000	6	0.1855190830296571669	1	4.1607251155209056207	2.237210283640189846	1.4957306855313859764
chr1	82100000	83100000	6	0.1855190830296571669	1	4.1607251155209056207	2.237210283640189846	1.4957306855313859764
chr1	82150000	83150000	7	0.11697191671542525593	1	4.6230279061343390445	2.4857892040446550963	1.5766385774947456538
chr1	82200000	83200000	6	0.1855190830296571669	1	4.1607251155209055375	2.2372102836401895985	1.4957306855313858935
chr1	82250000	83250000	6	0.18551908302965722242	1	4.1607251155209055236	2.2372102836401894601	1.4957306855313858473
chr1	82300000	83300000	6	0.1005305242675809535	1	3.6984223249074716193	1.9886313632357241078	1.4101884140907285541
chr1	82350000	83350000	6	0.18551908302965722242	1	4.1607251155209055375	2.2372102836401895985	1.4957306855313858935
chr1	82400000	83400000	6	0.3989126926165629805	1	5.0853306967477731305	2.7343681244491230397	1.653592490442891144
chr1	82450000	83450000	6	0.39891269261656303602	1	5.08533069674777252	2.7343681244491226225	1.6535924904428910179
chr1	82500000	83500000	5	0.52751827217435820483	1	4.623027906134338951	2.4857892040446573966	1.5766385774947463832
chr1	82550000	83550000	5	0.52751827217435820483	1	4.623027906134338951	2.4857892040446573966	1.5766385774947463832
chr1	82600000	83600000	4	0.75933888514525571534	1	4.623027906134339173	2.4857892040446574553	1.5766385774947464019
chr1	82650000	83650000	3	0.91341143450790129865	1	4.623027906134339506	2.485789204044657772	1.5766385774947465023
chr1	82700000	83700000	5	0.7252442877150749867	1	5.547633487361207439	2.9829470448535886536	1.7271210278534589869
chr1	82750000	83750000	4	0.8832284381512616189	1	5.547633487361206884	2.9829470448535887904	1.7271210278534590265
chr1	82800000	83800000	5	0.8976220930991399838	1	6.9345418592015077813	3.7313015237911479024	1.9316577139315205039
chr1	82850000	83850000	5	0.8976220930991400948	1	6.9345418592015072253	3.731301523791147577	1.9316577139315204197
chr1	82900000	83900000	4	0.9653827877502783039	1	6.934541859201508559	3.731301523791148112	1.9316577139315205582
chr1	82950000	83950000	4	0.9653827877502781929	1	6.934541859201507435	3.7313015237911481721	1.9316577139315205737
chr1	83000000	84000000	4	0.947303990103255833	1	6.4722390685880741754	3.4827226033866825773	1.8662054022498923677
chr1	83050000	84050000	4	0.947303990103255833	1	6.4722390685880741754	3.4827226033866825773	1.8662054022498923677
chr1	83100000	84100000	4	0.947303990103256055	1	6.472239068588074245	3.4827226033866828287	1.866205402249892435
chr1	83150000	84150000	3	0.97802377029190945557	1	6.009936277974641369	3.2341436829822180314	1.7983725095158172016
chr1	83200000	84200000	3	0.97802377029190945557	1	6.009936277974641369	3.2341436829822180314	1.7983725095158172016
chr1	83250000	84250000	3	0.97802377029190945557	1	6.009936277974641369	3.2341436829822180314	1.7983725095158172016
chr1	83300000	84300000	3	0.97802377029190945557	1	6.009936277974641369	3.2341436829822180314	1.7983725095158172016
chr1	83350000	84350000	3	0.96482940133046468656	1	5.547633487361207507	2.9855647625777520088	1.72787868861727443
chr1	83400000	84400000	3	0.9132850465958198827	1	4.623027906134340467	2.4884069217688189809	1.5774685168867298129
chr1	83450000	84450000	3	0.86702800247564981717	1	4.1607251155209061845	2.2398280013643535951	1.4966054928952898892
chr1	83500000	84500000	3	0.9132850465958201047	1	4.623027906134340689	2.4884069217688190023	1.5774685168867298197
chr1	83550000	84550000	4	0.83043538681279926994	1	5.0853306967477741097	2.7369858421732842582	1.6543838255293975939
chr1	83600000	84600000	4	0.75920267767755811317	1	4.623027906134340356	2.488406921768818908	1.5774685168867297898
chr1	83650000	84650000	5	0.63461354042473516746	1	5.085330696747774311	2.7369858421732842291	1.6543838255293975851
chr1	83700000	84700000	3	0.86702800247564981717	1	4.16072511552090624	2.2398280013643532868	1.4966054928952897862
chr1	83750000	84750000	4	0.66649632234827005384	1	4.160725115520906462	2.2398280013643533614	1.4966054928952898112
chr1	83800000	84800000	4	0.5516410454594679047	1	3.6984223249074716644	1.9886313632357244614	1.4101884140907286796
chr1	83850000	84850000	4	0.6159159026650621316	1	3.9568771449172152705	2.1802872892591990493	1.4765795912375326641
chr1	83900000	84900000	4	0.5516410454594679047	1	3.6984223249074718032	1.9886313632357243951	1.410188414090728656
chr1	83950000	84950000	4	0.66661063995689684436	1	4.1607251155209055305	2.2372102836401894803	1.4957306855313858541
chr1	84000000	85000000	4	0.66661063995689684436	1	4.1607251155209055305	2.2372102836401894803	1.4957306855313858541
chr1	84050000	85050000	4	0.75933888514525582636	1	4.623027906134339419	2.4857892040446553776	1.576638577494745743
chr1	84100000	85100000	6	0.50772988208354141726	1	5.5476334873612057246	3.0327246372893121083	1.7414719743048729604
chr1	84150000	85150000	6	0.5077298820835415283	1	5.5476334873612061687	3.032724637289312178	1.7414719743048729804
chr1	84200000	85200000	7	0.4913172617163635847	1	6.4722390685880738562	3.5298824780982433552	1.8787981472468625348
chr1	84250000	85250000	7	0.4913172617163635847	1	6.4722390685880738562	3.5298824780982433552	1.8787981472468625348
chr1	84300000	85300000	8	0.3838667468145010031	1	6.934541859201506836	3.778461398502708051	1.9438264836406329946
chr1	84350000	85350000	8	0.3838667468145010031	1	6.934541859201506836	3.778461398502708051	1.9438264836406329946
chr1	84400000	85400000	8	0.3838667468145010031	1	6.934541859201506836	3.778461398502708051	1.9438264836406329946
chr1	84450000	85450000	8	0.3838667468145010031	1	6.934541859201506836	3.778461398502708051	1.9438264836406329946
chr1	84500000	85500000	9	0.2102897554622095988	1	6.9345418592015074743	3.7784613985027080984	1.9438264836406330068
chr1	84550000	85550000	8	0.29148264657218636575	1	6.4722390685880740804	3.5298824780982434265	1.8787981472468625538
chr1	84600000	85600000	8	0.29148264657218636575	1	6.4722390685880735253	3.5298824780982432999	1.8787981472468625201
chr1	84650000	85650000	7	0.2916000980106501217	1	5.547633487361206807	3.032724637289312456	1.7414719743048730602
chr1	84700000	85700000	7	0.2916000980106501217	1	5.547633487361206141	3.0327246372893119492	1.7414719743048729147
chr1	84750000	85750000	6	0.3998154495332024161	1	5.085330696747773127	2.784145716884847056	1.6685759547844524348
chr1	84800000	85800000	5	0.40893784990494758125	1	4.1607251155209060874	2.2869878760759165645	1.5122790338016052005
chr1	84850000	85850000	5	0.4072263075497531415	1	4.154231701673509627	2.2864561444896451886	1.5121032188609497132
chr1	84900000	85900000	5	0.40893784990494758125	1	4.1607251155209063094	2.2869878760759166211	1.5122790338016052192
chr1	84950000	85950000	5	0.28708348706054687138	1	3.698422324907472223	2.0384089556714512046	1.427728600144807355
chr1	85000000	86000000	5	0.28708348706054687138	1	3.698422324907472223	2.0384089556714513377	1.4277286001448074017
chr1	85050000	86050000	6	0.10376525503712664966	1	3.6984223249074723548	2.0384089556714513343	1.4277286001448074005
chr1	85100000	86100000	4	0.27598453624159419162	1	2.7738167436806047128	1.4914735224267936379	1.2212589907250605939
chr1	85150000	86150000	5	0.1694695620213636511	1	3.2361195342940385425	1.7400524428312591175	1.3191104740814012342
chr1	85200000	86200000	4	0.2759845362415941361	1	2.7738167436806047128	1.4914735224267937179	1.2212589907250606268
chr1	85250000	86250000	5	0.1694695620213636511	1	3.2361195342940385425	1.7400524428312591175	1.3191104740814012342
chr1	85300000	86300000	4	0.2759845362415940806	1	2.7738167436806044353	1.4914735224267935387	1.2212589907250605534
chr1	85350000	86350000	4	0.2759845362415940806	1	2.7738167436806044353	1.4914735224267935387	1.2212589907250605534
chr1	85400000	86400000	4	0.2759845362415940806	1	2.7738167436806044353	1.4914735224267935387	1.2212589907250605534
chr1	85450000	86450000	4	0.2759845362415940806	1	2.7738167436806044353	1.4914735224267935387	1.2212589907250605534
chr1	85500000	86500000	3	0.4295851293058566278	1	2.3115139530671702933	1.2428946020223278912	1.114851829626846821
chr1	85550000	86550000	3	0.4295851293058566278	1	2.3115139530671702933	1.2428946020223278912	1.114851829626846821
chr1	85600000	86600000	3	0.4295851293058566278	1	2.3115139530671702933	1.2428946020223278912	1.114851829626846821
chr1	85650000	86650000	3	0.4295851293058566278	1	2.3115139530671702933	1.2428946020223278912	1.114851829626846821
chr1	85700000	86700000	3	0.4295851293058566278	1	2.3115139530671702933	1.2428946020223278912	1.114851829626846821
chr1	85750000	86750000	3	0.4295851293058566278	1	2.3115139530671702933	1.2428946020223278912	1.114851829626846821
chr1	85800000	86800000	3	0.4295851293058566278	1	2.3115139530671702933	1.2428946020223278912	1.114851829626846821
chr1	85850000	86850000	3	0.42958512930585668332	1	2.3115139530671705709	1.2428946020223280362	1.114851829626846886
chr1	85900000	86900000	3	0.2581868883819378735	1	1.8492111624537365122	0.9943156816178624892	0.99715379035425748575
chr1	85950000	86950000	3	0.2581868883819378735	1	1.8492111624537365122	0.9943156816178624892	0.99715379035425748575
chr1	86000000	87000000	3	0.2581868883819378735	1	1.8492111624537365122	0.9943156816178624892	0.99715379035425748575
chr1	86050000	87050000	2	0.44356132739028658607	1	1.3869083718403020788	0.74573676121339679617	0.8635605139267292808
chr1	86100000	87100000	2	0.44356132739028658607	1	1.3869083718403021344	0.74573676121339680447	0.8635605139267292856
chr1	86150000	87150000	1	0.71088171101789976447	1	0.9246055812268682006	0.49715784080893115759	0.7050942070453643697
chr1	86200000	87200000	1	0.4623027906134341558	1	0.4623027906134341558	0.24857892040446562555	0.49857689517712874613
chr1	86250000	87250000	0	1.0000000000000011102	1	0	0	0
chr1	86300000	87300000	0	1.0000000000000011102	1	0	0	0
chr1	86350000	87350000	0	1.0000000000000011102	1	0.4623027906134341558	0.24857892040446562555	0.49857689517712874613
chr1	86400000	87400000	0	1.0000000000000011102	1	0.4623027906134341558	0.24857892040446562555	0.49857689517712874613
chr1	86450000	87450000	0	1.0000000000000011102	1	0.4623027906134341558	0.24857892040446562555	0.49857689517712874613
chr1	86500000	87500000	0	1.0000000000000011102	1	0.4623027906134341558	0.24857892040446562555	0.49857689517712874613
chr1	86550000	87550000	0	1.0000000000000011102	1	0.4623027906134341558	0.24857892040446562555	0.49857689517712874613
chr1	86600000	87600000	0	1.0000000000000011102	1	0.4623027906134341558	0.24857892040446562555	0.49857689517712874613
chr1	86650000	87650000	0	1.0000000000000011102	1	0.9246055812268682561	0.49715784080893125283	0.70509420704536443725
chr1	86700000	87700000	0	1.0000000000000011102	1	0.9246055812268682561	0.49715784080893125283	0.70509420704536443725
chr1	86750000	87750000	1	0.91641061497606313146	1	1.8492111624537364289	0.99431568161786239285	0.9971537903542574374
chr1	86800000	87800000	1	0.91641061497606313146	1	1.8492111624537364289	0.99431568161786239285	0.9971537903542574374
chr1	86850000	87850000	2	0.76183619112715439403	1	2.3115139530671701268	1.2428946020223277902	1.1148518296268467757
chr1	86900000	87900000	2	0.8511614255056720868	1	2.7738167436806041577	1.4914735224267932479	1.2212589907250604343
chr1	86950000	87950000	2	0.8511614255056720868	1	2.7738167436806041577	1.4914735224267932479	1.2212589907250604343
chr1	87000000	88000000	2	0.8511614255056720868	1	2.7738167436806041577	1.4914735224267932479	1.2212589907250604343
chr1	87050000	88050000	2	0.8511614255056720868	1	2.7738167436806041577	1.4914735224267932479	1.2212589907250604343
chr1	87100000	88100000	2	0.8511614255056720868	1	2.7738167436806041577	1.4914735224267932479	1.2212589907250604343
chr1	87150000	88150000	2	0.8511614255056720868	1	2.7738167436806041577	1.4914735224267932479	1.2212589907250604343
chr1	87200000	88200000	2	0.8511614255056720868	1	2.7738167436806041577	1.4914735224267932479	1.2212589907250604343
chr1	87250000	88250000	2	0.9087973406094280726	1	3.2361195342940385009	1.7400524428312589095	1.3191104740814011554
chr1	87300000	88300000	2	0.9087973406094280726	1	3.2361195342940385009	1.7400524428312589095	1.3191104740814011554
chr1	87350000	88350000	2	0.8511614255056720868	1	2.7738167436806044353	1.4914735224267934587	1.2212589907250605206
chr1	87400000	88400000	2	0.90879734060942818363	1	3.2361195342940387645	1.7400524428312593326	1.3191104740814013158
chr1	87450000	88450000	2	0.90879734060942818363	1	3.2361195342940387645	1.7400524428312593326	1.3191104740814013158
chr1	87500000	88500000	3	0.8003299931183709415	1	3.6984223249074720287	1.9886313632357245864	1.4101884140907287239
chr1	87550000	88550000	3	0.8003299931183709415	1	3.6984223249074720287	1.9886313632357245864	1.4101884140907287239
chr1	87600000	88600000	3	0.8003299931183709415	1	3.6984223249074720287	1.9886313632357245864	1.4101884140907287239
chr1	87650000	88650000	3	0.8003299931183711635	1	3.6984223249074730834	1.9886313632357247779	1.4101884140907287918
chr1	87700000	88700000	3	0.8003299931183711635	1	3.6984223249074729724	1.9886313632357247507	1.4101884140907287821
chr1	87750000	88750000	2	0.8511614255056721978	1	2.7738167436806047128	1.4914735224267937179	1.2212589907250606268
chr1	87800000	88800000	4	0.5516410454594680157	1	3.698422324907472622	1.9886313632357255705	1.4101884140907290728
chr1	87850000	88850000	3	0.7070716377462823443	1	3.236119534294038827	1.7400524428312600506	1.3191104740814015879
chr1	87900000	88900000	3	0.5831857223701191195	1	2.7738167436806048169	1.4914735224267947085	1.2212589907250610323
chr1	87950000	88950000	4	0.41800450186856813461	1	3.236119534294038938	1.7400524428312602759	1.3191104740814016734
chr1	88000000	89000000	5	0.2843679582776682535	1	3.698422324907472622	1.9886313632357255705	1.4101884140907290728
chr1	88050000	89050000	5	0.2843679582776682535	1	3.698422324907472622	1.9886313632357255705	1.4101884140907290728
chr1	88100000	89100000	5	0.2843679582776682535	1	3.698422324907472622	1.9886313632357255705	1.4101884140907290728
chr1	88150000	89150000	5	0.40792905233768189666	1	4.1607251155209065557	2.2372102836401912757	1.4957306855313864543
chr1	88200000	89200000	5	0.40792905233768189666	1	4.1607251155209065557	2.2372102836401912757	1.4957306855313864543
chr1	88250000	89250000	5	0.2843679582776682535	1	3.698422324907472844	1.9886313632357255755	1.4101884140907290745
chr1	88300000	89300000	6	0.18551908302965733344	1	4.160725115520907333	2.2372102836401913553	1.4957306855313864808
chr1	88350000	89350000	6	0.18551908302965733344	1	4.1607251155209068055	2.2372102836401910472	1.4957306855313863778
chr1	88400000	89400000	6	0.10053052426758103677	1	3.6984223249074724	1.9886313632357255435	1.4101884140907290632
chr1	88450000	89450000	6	0.10053052426758103677	1	3.698422324907472622	1.9886313632357256375	1.4101884140907290965
chr1	88500000	89500000	5	0.16946956202136376213	1	3.2361195342940390143	1.7400524428312601619	1.3191104740814016302
chr1	88550000	89550000	5	0.4080375657218253127	1	4.160725115520906736	2.242564712700083072	1.4975195199729728639
chr1	88600000	89600000	6	0.28856320764399212564	1	4.6230279061343409067	2.4911436331045513576	1.5783357162228038986
chr1	88650000	89650000	6	0.18584121433265604617	1	4.1607251155209063805	2.242564712700085628	1.4975195199729737172
chr1	88700000	89700000	6	0.18584121433265604617	1	4.1607251155209063805	2.242564712700085628	1.4975195199729737172
chr1	88750000	89750000	6	0.18584121433265604617	1	4.1607251155209063805	2.242564712700085628	1.4975195199729737172
chr1	88800000	89800000	6	0.18584121433265599066	1	4.16072511552090666	2.2425647127000847719	1.4975195199729734313
chr1	88850000	89850000	6	0.28856320764399207013	1	4.623027906134340767	2.4911436331045502957	1.5783357162228035622
chr1	88900000	89900000	6	0.28856320764399207013	1	4.623027906134340767	2.4911436331045502957	1.5783357162228035622
chr1	88950000	89950000	5	0.40803756572182542373	1	4.160725115520906882	2.2425647127000848467	1.4975195199729734564
chr1	89000000	90000000	4	0.5515360304264550484	1	3.698422324907472674	1.9939857922956192978	1.412085617905521796
chr1	89050000	90050000	5	0.4080375657218253127	1	4.1607251155209064794	2.2425647127000844386	1.4975195199729733201
chr1	89100000	90100000	5	0.4080375657218253127	1	4.1607251155209064794	2.2425647127000844386	1.4975195199729733201
chr1	89150000	90150000	5	0.40803756572182536821	1	4.1607251155209060145	2.2425647127000841868	1.4975195199729732361
chr1	89200000	90200000	5	0.4080375657218252572	1	4.1607251155209060145	2.2425647127000841868	1.4975195199729732361
chr1	89250000	90250000	5	0.5274685184460009557	1	4.623027906134339375	2.4911436331045499603	1.5783357162228034559
chr1	89300000	90300000	4	0.66637680820336386844	1	4.160725115520905369	2.2425647127000843425	1.497519519972973288
chr1	89350000	90350000	4	0.75906027862611680224	1	4.6230279061343398745	2.4911436331045501153	1.578335716222803505
chr1	89400000	90400000	4	0.75906027862611680224	1	4.6230279061343398745	2.4911436331045501153	1.578335716222803505
chr1	89450000	90450000	4	0.8302977337263114377	1	5.085330696747773894	2.7397225535090155549	1.6552107278256190528
chr1	89500000	90500000	4	0.8302977337263114377	1	5.085330696747773894	2.7397225535090155549	1.6552107278256190528
chr1	89550000	90550000	4	0.6666106399568969554	1	4.1607251155209058636	2.2372102836401895748	1.4957306855313858856
chr1	89600000	90600000	3	0.8671896696991079345	1	4.1607251155209063424	2.2372102836401900566	1.4957306855313860467
chr1	89650000	90650000	3	0.8671896696991079345	1	4.1607251155209063424	2.2372102836401900566	1.4957306855313860467
chr1	89700000	90700000	3	0.8671896696991079345	1	4.1607251155209063424	2.2372102836401900566	1.4957306855313860467
chr1	89750000	90750000	3	0.8671896696991079345	1	4.1607251155209061064	2.2372102836401899168	1.495730685531386
chr1	89800000	90800000	1	0.99301281471132074596	1	3.6984223249074719524	1.9886313632357242599	1.4101884140907286081
chr1	89850000	90850000	2	0.94495312310644719034	1	3.6984223249074720079	1.98863136323572434	1.4101884140907286365
chr1	89900000	90900000	3	0.8671896696991078235	1	4.160725115520906065	2.2372102836401898142	1.4957306855313859657
chr1	89950000	90950000	3	0.8671896696991078235	1	4.160725115520906065	2.2372102836401898142	1.4957306855313859657
chr1	90000000	91000000	3	0.8671896696991079345	1	4.160725115520905954	2.2372102836401898873	1.4957306855313859901
chr1	90050000	91050000	2	0.9671712526514010255	1	4.160725115520906176	2.2372102836401898888	1.4957306855313859907
chr1	90100000	91100000	2	0.9671712526514010255	1	4.160725115520905954	2.2372102836401898873	1.4957306855313859901
chr1	90150000	91150000	2	0.9671712526514013586	1	4.160725115520906176	2.2372102836401899417	1.4957306855313860083
chr1	90200000	91200000	2	0.96717125265140124757	1	4.1607251155209065644	2.2372102836401901484	1.4957306855313860774
chr1	90250000	91250000	3	0.8671896696991079345	1	4.160725115520906287	2.237210283640190165	1.4957306855313860829
chr1	90300000	91300000	3	0.86718966969910804554	1	4.1607251155209064118	2.2372102836401902678	1.4957306855313861173
chr1	90350000	91350000	3	0.8003299931183710525	1	3.6984223249074729169	1.9886313632357246707	1.4101884140907287537
chr1	90400000	91400000	3	0.8003299931183710525	1	3.6984223249074729169	1.9886313632357246707	1.4101884140907287537
chr1	90450000	91450000	4	0.6666106399568969554	1	4.1607251155209059867	2.2372102836401907176	1.4957306855313862677
chr1	90500000	91500000	4	0.75933888514525582636	1	4.6230279061343401616	2.4857892040446561716	1.5766385774947459948
chr1	90550000	91550000	4	0.83056705467253288955	1	5.0853306967477734466	2.7343681244491215248	1.6535924904428906861
chr1	90600000	91600000	4	0.7593388851452559374	1	4.6230279061343400922	2.4857892040446561983	1.5766385774947460032
chr1	90650000	91650000	4	0.7593388851452559374	1	4.6230279061343400922	2.4857892040446561983	1.5766385774947460032
chr1	90700000	91700000	4	0.7593388851452559374	1	4.6230279061343400922	2.4857892040446561983	1.5766385774947460032
chr1	90750000	91750000	4	0.8305670546725331116	1	5.0853306967477746783	2.7343681244491223397	1.6535924904428909324
chr1	90800000	91800000	4	0.7593388851452559374	1	4.6230279061343405415	2.4857892040446563633	1.5766385774947460556
chr1	90850000	91850000	3	0.8671896696991078235	1	4.1607251155209062365	2.2372102836401907854	1.4957306855313862903
chr1	90900000	91900000	2	0.96717125265140113655	1	4.1607251155209063753	2.2372102836401908867	1.4957306855313863242
chr1	90950000	91950000	2	0.9806112071872761238	1	4.6230279061343401807	2.4857892040446563295	1.5766385774947460449
chr1	91000000	92000000	2	0.9806112071872761238	1	4.6230279061343401807	2.4857892040446563295	1.5766385774947460449
chr1	91050000	92050000	2	0.9806112071872762348	1	4.623027906134340847	2.4857892040446566756	1.5766385774947461546
chr1	91100000	92100000	2	0.9806112071872762348	1	4.623027906134340847	2.4857892040446566756	1.5766385774947461546
chr1	91150000	92150000	2	0.9806112071872761238	1	4.6230279061343403472	2.4857892040446565936	1.5766385774947461286
chr1	91200000	92200000	2	0.9806112071872761238	1	4.6230279061343403472	2.4857892040446565936	1.5766385774947461286
chr1	91250000	92250000	1	0.99624300996881076653	1	4.1607251155209069304	2.2372102836401912109	1.4957306855313864326
chr1	91300000	92300000	3	0.9444780611028548156	1	5.085330696747774473	2.7343685713070798433	1.6535926255602012219
chr1	91350000	92350000	3	0.9444780611028548156	1	5.085330696747774473	2.7343685713070798433	1.6535926255602012219
chr1	91400000	92400000	3	0.9444780611028548156	1	5.0853306967477743517	2.7343685713070796561	1.6535926255602011653
chr1	91450000	92450000	3	0.9444780598920112791	1	5.085330696747774951	2.7343686054587211267	1.6535926358866990088
chr1	91500000	92500000	3	0.91341141128393155135	1	4.6230279061343410455	2.4857896850542555603	1.5766387300374983369
chr1	91550000	92550000	3	0.86718963999251119645	1	4.160725115520906946	2.2372107646497898978	1.495730846325564651
chr1	91600000	92600000	3	0.86718963999251119645	1	4.160725115520906946	2.2372107646497898978	1.495730846325564651
chr1	91650000	92650000	3	0.86718963999251119645	1	4.160725115520906946	2.2372107646497898978	1.495730846325564651
chr1	91700000	92700000	3	0.86718963999251119645	1	4.160725115520907057	2.2372107646497900108	1.4957308463255646888
chr1	91750000	92750000	3	0.80032995865298839355	1	3.6984223249074730418	1.9886318442453243933	1.4101885846387086653
chr1	91800000	92800000	3	0.80032995865298839355	1	3.6984223249074730418	1.9886318442453243933	1.4101885846387086653
chr1	91850000	92850000	3	0.8671896399925113075	1	4.1607251155209075116	2.2372107646497903586	1.495730846325564805
chr1	91900000	92900000	3	0.80032995865298839355	1	3.6984223249074730418	1.9886318442453243933	1.4101885846387086653
chr1	91950000	92950000	3	0.80032995865298839355	1	3.6984223249074729307	1.9886318442453243461	1.4101885846387086487
chr1	92000000	93000000	3	0.80032995865298839355	1	3.6984223249074729307	1.9886318442453243461	1.4101885846387086487
chr1	92050000	93050000	3	0.70707160430817250774	1	3.2361195342940392364	1.7400529238408589299	1.3191106564048593607
chr1	92100000	93100000	3	0.70707160430817250774	1	3.2361195342940392364	1.7400529238408589299	1.3191106564048593607
chr1	92150000	93150000	3	0.5831857023423171471	1	2.773816743680605136	1.4914740034363933164	1.2212591876569008299
chr1	92200000	93200000	3	0.70707160430817250774	1	3.2361195342940393613	1.7400529238408586824	1.3191106564048592669
chr1	92250000	93250000	3	0.80032995865298839355	1	3.6984223249074733193	1.9886318442453245005	1.4101885846387087034
chr1	92300000	93300000	3	0.8671896675899423146	1	4.160725115520907482	2.2372103177918327183	1.4957306969477602849
chr1	92350000	93350000	4	0.75933888336824684195	1	4.6230279061343409917	2.4857892381962980951	1.5766385883252693289
chr1	92400000	93400000	5	0.634689587480372297	1	5.085330696747773858	2.7343681586007629173	1.6535925007693893497
chr1	92450000	93450000	5	0.5275182721743584269	1	4.6230279061343400888	2.4857892040446556514	1.5766385774947458299
chr1	92500000	93500000	5	0.5275182721743584269	1	4.6230279061343400888	2.4857892040446556514	1.5766385774947458299
chr1	92550000	93550000	5	0.5275182721743584269	1	4.6230279061343400888	2.4857892040446556514	1.5766385774947458299
chr1	92600000	93600000	6	0.39891269261656320255	1	5.085330696747774121	2.734368124449121106	1.6535924904428905593
chr1	92650000	93650000	6	0.39891269261656320255	1	5.085330696747774121	2.734368124449121106	1.6535924904428905593
chr1	92700000	93700000	7	0.28991237570018091319	1	5.5476334873612075456	2.9829470448535862455	1.7271210278534582898
chr1	92750000	93750000	9	0.20863751426102766784	1	6.9345418592015095624	3.7287511161998048196	1.9309974407543384467
chr1	92800000	93800000	9	0.20863751426102766784	1	6.9345418592015095624	3.7287511161998048196	1.9309974407543384467
chr1	92850000	93850000	9	0.1386341321112723457	1	6.4722390685880746624	3.4801721957953390112	1.8655219633645000352
chr1	92900000	93900000	10	0.091964654803475945344	1	6.9345418592015081885	3.7287511161998045171	1.9309974407543383684
chr1	92950000	93950000	11	0.059601317352123553417	1	7.3968446498149426696	3.9773300366047606744	1.9943244562018389575
chr1	93000000	94000000	11	0.059601317352123553417	1	7.3968446498149426696	3.9773300366047606744	1.9943244562018389575
chr1	93050000	94050000	12	0.06634435604959906807	1	8.321450231041810955	4.4744878774136916605	2.1152985315112596799
chr1	93100000	94100000	13	0.043353189672450366532	1	8.783753021655244236	4.723066797818156821	2.1732617876864620428
chr1	93150000	94150000	14	0.027818599888657414426	1	9.246055812268678238	4.9716457182226222594	2.229718753166556264
chr1	93200000	94200000	14	0.014462227412267455659	1	8.783753021655244347	4.723066797818156909	2.173261787686462063
chr1	93250000	94250000	14	0.0066179531627048350517	1	8.321450231041811864	4.4744878774136923084	2.115298531511259833
chr1	93300000	94300000	12	0.019127719232736890148	1	7.396844649814943438	3.9773300366047607747	1.9943244562018389827
chr1	93350000	94350000	11	0.031775877762432035156	1	6.9345418592015103188	3.7287511162002958726	1.9309974407544655968
chr1	93400000	94400000	10	0.051839042806210856862	1	6.472239068588076736	3.4801721957958304165	1.8655219633646317423
chr1	93450000	94450000	9	0.13863413211129060887	1	6.472239068588077513	3.4801721957958309387	1.8655219633646318823
chr1	93500000	94500000	9	0.13863413211129060887	1	6.472239068588077513	3.4801721957958309326	1.8655219633646318807
chr1	93550000	94550000	9	0.20863751426104401587	1	6.934541859201511429	3.7287511162002964235	1.9309974407544657394
chr1	93600000	94600000	8	0.29005736288362776731	1	6.472239068588077291	3.480172195795830755	1.865521963364631833
chr1	93650000	94650000	8	0.29005736288362776731	1	6.472239068588077291	3.480172195795830755	1.865521963364631833
chr1	93700000	94700000	8	0.38336158593514735315	1	6.9345418592015121385	3.745362711965228529	1.9352939600911352322
chr1	93750000	94750000	9	0.2091874072632626258	1	6.93454185920151294	3.745295514323073816	1.9352765989188919596
chr1	93800000	94800000	9	0.2091874072632626258	1	6.9345418592015134127	3.7452955143230741246	1.9352765989188920394
chr1	93850000	94850000	9	0.20918740726326259805	1	6.9345418592015127465	3.745295514323074069	1.935276598918892025
chr1	93900000	94900000	8	0.38336056814325969455	1	6.9345418592015135237	3.7452955143230745475	1.9352765989188921486
chr1	93950000	94950000	7	0.49132836161527893015	1	6.4722390685880791914	3.4967165939181181684	1.8699509602976539471
chr1	94000000	95000000	7	0.49132836161527898566	1	6.472239068588079358	3.4967165939181184227	1.8699509602976540152
chr1	94050000	95050000	6	0.6080544670940921659	1	6.009936277974644296	3.2481376735136519417	1.8022590472830624527
chr1	94100000	95100000	7	0.49132836161527887464	1	6.472239068588077946	3.4967165939181176866	1.8699509602976538183
chr1	94150000	95150000	6	0.60805446709409205486	1	6.009936277974643849	3.2481376735136518103	1.8022590472830624163
chr1	94200000	95200000	6	0.60805446709409205486	1	6.009936277974643849	3.2481376735136518103	1.8022590472830624163
chr1	94250000	95250000	6	0.60805446709409205486	1	6.009936277974643849	3.2481376735136518103	1.8022590472830624163
chr1	94300000	95300000	6	0.60805446709409205486	1	6.009936277974643849	3.2481376735136518103	1.8022590472830624163
chr1	94350000	95350000	6	0.60805446709409205486	1	6.009936277974643849	3.2481376735136518103	1.8022590472830624163
chr1	94400000	95400000	6	0.60805446709409205486	1	6.009936277974643849	3.2481376735136518103	1.8022590472830624163
chr1	94450000	95450000	6	0.50785189651437323555	1	5.547633487361209274	2.9995587531091860993	1.7319234258792119298
chr1	94500000	95500000	7	0.39096926850810609366	1	6.009936277974642732	3.2481376735136514842	1.8022590472830623258
chr1	94550000	95550000	7	0.39096926850810620468	1	6.009936277974643398	3.248137673513651787	1.8022590472830624098
chr1	94600000	95600000	7	0.39096926850810620468	1	6.009936277974643398	3.248137673513651787	1.8022590472830624098
chr1	94650000	95650000	7	0.39096926850810620468	1	6.009936277974643398	3.248137673513651787	1.8022590472830624098
chr1	94700000	95700000	7	0.390694746113642688	1	6.009936277974641654	3.2315301417315833584	1.7976457219740444058
chr1	94750000	95750000	5	0.63468946714067597803	1	5.0853306967477737237	2.7343723009208469891	1.6535937532903439791
chr1	94800000	95800000	6	0.50791299416806778844	1	5.5476334873612078496	2.9829512213253124681	1.7271222369378817271
chr1	94850000	95850000	6	0.50791299416806778844	1	5.5476334873612078496	2.9829512213253124681	1.7271222369378817271
chr1	94900000	95900000	6	0.39891276836025729713	1	5.0853306967477745564	2.734372300920847212	1.6535937532903440465
chr1	94950000	95950000	6	0.39891276836025735264	1	5.0853306967477743344	2.734372300920847277	1.6535937532903440661
chr1	95000000	96000000	6	0.39891276836025735264	1	5.0853306967477743344	2.734372300920847277	1.6535937532903440661
chr1	95050000	96050000	6	0.39891276836025735264	1	5.085330696747775268	2.7343723009208477568	1.6535937532903442112
chr1	95100000	96100000	4	0.6666104575673842403	1	4.160725115520907026	2.2372144601119163673	1.4957320816616578701
chr1	95150000	96150000	4	0.8305668446013368955	1	5.0853306967477748934	2.7343723009208475024	1.6535937532903441342
chr1	95200000	96200000	4	0.8305668446013368955	1	5.0853306967477748934	2.7343723009208475024	1.6535937532903441342
chr1	95250000	96250000	6	0.6083857826047085471	1	6.0099362779746422734	3.231530141729778529	1.7976457219735424078
chr1	95300000	96300000	6	0.50791299416806789946	1	5.547633487361208417	2.9829512213253126095	1.727122236937881768
chr1	95350000	96350000	6	0.50791299416806789946	1	5.547633487361208417	2.9829512213253126095	1.727122236937881768
chr1	95400000	96400000	6	0.50791299416806789946	1	5.547633487361208417	2.9829512213253126095	1.727122236937881768
chr1	95450000	96450000	6	0.50791299416806789946	1	5.547633487361208417	2.9829512213253126095	1.727122236937881768
chr1	95500000	96500000	5	0.6346894671406762001	1	5.0853306967477751154	2.7343723009208475258	1.6535937532903441414
chr1	95550000	96550000	6	0.39891276836025735264	1	5.085330696747774727	2.7343723009208472613	1.6535937532903440614
chr1	95600000	96600000	6	0.50791299416806789946	1	5.547633487361208195	2.9829512213253125508	1.727122236937881751
chr1	95650000	96650000	6	0.50791299416806789946	1	5.547633487361208195	2.9829512213253125508	1.727122236937881751
chr1	95700000	96700000	5	0.5275182721743584269	1	4.6230279061343405294	2.4857892040446556683	1.5766385774947458352
chr1	95750000	96750000	4	0.6666106399568970664	1	4.1607251155209065713	2.2372102836401901687	1.4957306855313860842
chr1	95800000	96800000	3	0.8003299931183710525	1	3.6984223249074729967	1.9886313632357245776	1.4101884140907287208
chr1	95850000	96850000	3	0.8003299931183710525	1	3.6984223249074729967	1.9886313632357245776	1.4101884140907287208
chr1	95900000	96900000	3	0.8003299931183710525	1	3.6984223249074729967	1.9886313632357245776	1.4101884140907287208
chr1	95950000	96950000	3	0.8003299931183710525	1	3.6984223249074723305	1.9886313632357245406	1.4101884140907287076
chr1	96000000	97000000	3	0.8003299931183710525	1	3.6984223249074723305	1.9886313632357245406	1.4101884140907287076
chr1	96050000	97050000	3	0.70707163774628245534	1	3.2361195342940385425	1.7400524428312591175	1.3191104740814012342
chr1	96100000	97100000	3	0.70707163774628245534	1	3.2361195342940386119	1.7400524428312589125	1.3191104740814011566
chr1	96150000	97150000	4	0.41800450186856813461	1	3.2361195342940386119	1.7400524428312590683	1.3191104740814012156
chr1	96200000	97200000	4	0.41800450186856813461	1	3.2361195342940382788	1.7400524428312588772	1.3191104740814011432
chr1	96250000	97250000	2	0.8511614255056721978	1	2.7738167436806045463	1.4914735224267934299	1.2212589907250605088
chr1	96300000	97300000	2	0.8511614255056721978	1	2.7738167436806045463	1.4914735224267934299	1.2212589907250605088
chr1	96350000	97350000	3	0.70707163774628245534	1	3.2361195342940384453	1.7400524428312588669	1.3191104740814011393
chr1	96400000	97400000	3	0.70707163774628245534	1	3.2361195342940384453	1.7400524428312588669	1.3191104740814011393
chr1	96450000	97450000	3	0.70707163774628245534	1	3.2361195342940384453	1.7400524428312588669	1.3191104740814011393
chr1	96500000	97500000	3	0.70707163774628245534	1	3.2361195342940384453	1.7400524428312588669	1.3191104740814011393
chr1	96550000	97550000	2	0.8511614255056720868	1	2.7738167436806045463	1.4914735224267934299	1.2212589907250605088
chr1	96600000	97600000	2	0.76183619112715439403	1	2.3115139530671702794	1.2428946020223277775	1.11485182962684677
chr1	96650000	97650000	2	0.76183619112715439403	1	2.3115139530671702794	1.2428946020223277775	1.11485182962684677
chr1	96700000	97700000	2	0.76183619112715439403	1	2.3115139530671702794	1.2428946020223277775	1.11485182962684677
chr1	96750000	97750000	2	0.76183619112715439403	1	2.3115139530671702794	1.2428946020223277775	1.11485182962684677
chr1	96800000	97800000	3	0.5831857223701191195	1	2.7738167436806044353	1.491473522426793347	1.2212589907250604749
chr1	96850000	97850000	3	0.5831857223701191195	1	2.7738167436806044353	1.491473522426793347	1.2212589907250604749
chr1	96900000	97900000	3	0.5831857223701191195	1	2.7738167436806044353	1.491473522426793347	1.2212589907250604749
chr1	96950000	97950000	3	0.42958512930585668332	1	2.311513953067170335	1.242894602022327873	1.1148518296268468129
chr1	97000000	98000000	4	0.2759845362415941361	1	2.7738167436806044353	1.4914735224267934271	1.2212589907250605076
chr1	97050000	98050000	4	0.2759845362415941361	1	2.7738167436806044353	1.4914735224267934271	1.2212589907250605076
chr1	97100000	98100000	4	0.41800450186856813461	1	3.236119534294038723	1.7400524428312589418	1.3191104740814011677
chr1	97150000	98150000	3	0.42958512930585668332	1	2.311513953067170557	1.2428946020223280159	1.1148518296268468769
chr1	97200000	98200000	3	0.42958512930585668332	1	2.311513953067170557	1.2428946020223280159	1.1148518296268468769
chr1	97250000	98250000	4	0.27598453624373592286	1	2.773816743680605039	1.4914735224538624049	1.2212589907361429144
chr1	97300000	98300000	4	0.27598453624373592286	1	2.773816743680605039	1.4914735224538624049	1.2212589907361429144
chr1	97350000	98350000	3	0.5831857223689921321	1	2.7738167436806047614	1.4914735224538622644	1.221258990736142857
chr1	97400000	98400000	4	0.41800450186919868578	1	3.2361195342940387576	1.7400524428583278021	1.3191104740916614381
chr1	97450000	98450000	4	0.41800450186919868578	1	3.2361195342940387576	1.7400524428583278021	1.3191104740916614381
chr1	97500000	98500000	4	0.41800450186919868578	1	3.2361195342940387576	1.7400524428583278021	1.3191104740916614381
chr1	97550000	98550000	5	0.28436795827914490564	1	3.6984223249074722646	1.9886313632627931724	1.4101884141003262307
chr1	97600000	98600000	5	0.28436795827914490564	1	3.6984223249074722646	1.9886313632627931724	1.4101884141003262307
chr1	97650000	98650000	6	0.18551908303128575306	1	4.1607251155209067223	2.237210283667258877	1.4957306855404347414
chr1	97700000	98700000	6	0.18551908303128575306	1	4.1607251155209067223	2.237210283667258877	1.4957306855404347414
chr1	97750000	98750000	6	0.18551908303128575306	1	4.1607251155209069443	2.237210283667258919	1.4957306855404347553
chr1	97800000	98800000	5	0.40792905233823040234	1	4.1607251155209071664	2.237210283667258957	1.495730685540434768
chr1	97850000	98850000	5	0.40792905233823040234	1	4.1607251155209071664	2.237210283667258957	1.495730685540434768
chr1	97900000	98900000	5	0.40792905233823040234	1	4.1607251155209071664	2.237210283667258957	1.495730685540434768
chr1	97950000	98950000	5	0.40792905233823040234	1	4.160725115520907083	2.2372102836672587624	1.4957306855404347031
chr1	98000000	99000000	4	0.55164104545893710707	1	3.6984223249074729863	1.9886313632627934734	1.4101884141003263374
chr1	98050000	99050000	4	0.7593388851438219733	1	4.623027906134340971	2.485789204072220184	1.5766385775034873806
chr1	98100000	99100000	4	0.6666106399556934736	1	4.160725115520906946	2.237210283667754876	1.4957306855406005462
chr1	98150000	99150000	6	0.50791300953275608787	1	5.547633487361208645	2.9829470449050954901	1.7271210278683701702
chr1	98200000	99200000	6	0.50791300953275608787	1	5.547633487361208645	2.9829470449050954901	1.7271210278683701702
chr1	98250000	99250000	6	0.3989126926170064591	1	5.0853306967477753292	2.7343681244735620196	1.6535924904502808063
chr1	98300000	99300000	7	0.28991237570100958365	1	5.547633487361209947	2.9829470448780274665	1.7271210278605340014
chr1	98350000	99350000	8	0.1292553586232906282	1	5.547633487361210037	2.9829470448780275075	1.7271210278605340134
chr1	98400000	99400000	7	0.19619578240586682538	1	5.085330696747775246	2.7343681244735616722	1.6535924904502807013
chr1	98450000	99450000	7	0.19619578240586682538	1	5.085330696747775246	2.7343681244735616722	1.6535924904502807013
chr1	98500000	99500000	8	0.12925535862329054493	1	5.547633487361209614	2.9829470448780272163	1.727121027860533929
chr1	98550000	99550000	7	0.19619578240586682538	1	5.0853306967477756345	2.7343681244735618494	1.6535924904502807549
chr1	98600000	99600000	8	0.12925535862329054493	1	5.547633487361209593	2.9829470448780273906	1.7271210278605339795
chr1	98650000	99650000	7	0.19619578240586682538	1	5.085330696747775579	2.7343681244735620302	1.6535924904502808095
chr1	98700000	99700000	7	0.19619578240586682538	1	5.085330696747775579	2.7343681244735620302	1.6535924904502808095
chr1	98750000	99750000	7	0.28991237570100958365	1	5.547633487361210148	2.9829470448780273522	1.7271210278605339684
chr1	98800000	99800000	7	0.19619578240586682538	1	5.0853306967477755235	2.7343681244735618817	1.6535924904502807646
chr1	98850000	99850000	7	0.19619578240586682538	1	5.0853306967477755235	2.7343681244735618817	1.6535924904502807646
chr1	98900000	99900000	7	0.19619578240586682538	1	5.0853306967477755235	2.7343681244735618817	1.6535924904502807646
chr1	98950000	99950000	7	0.19619578240586682538	1	5.0853306967477755235	2.7343681244735618817	1.6535924904502807646
chr1	99000000	100000000	7	0.19619578240586682538	1	5.0853306967477758705	2.7343681244735615209	1.6535924904502806555
chr1	99050000	100000000	7	0.05803624488763792222	1	4.1607251155209072756	2.2372102836641346365	1.4957306855393903553
chr1	99100000	100000000	7	0.05803624488763792222	1	4.1607251155209070536	2.2372102836641345218	1.4957306855393903169
chr1	99150000	100000000	5	0.077889823528190932356	1	2.7738167436806049904	1.4914735224267934689	1.2212589907250605248
chr1	99200000	100000000	5	0.077889823528190932356	1	2.7738167436806045463	1.4914735224267934215	1.2212589907250605053
chr1	99250000	100000000	4	0.14392139443265863918	1	2.3115139530671700158	1.2428946020223276528	1.1148518296268467141
chr1	99300000	100000000	3	0.2581868883819378735	1	1.8492111624537360404	0.9943156816178621357	0.9971537903542573085
chr1	99350000	100000000	2	0.44356132739028653056	1	1.3869083718403019123	0.7457367612133965193	0.8635605139267291205
chr1	99400000	100000000	2	0.44356132739028647505	1	1.3869083718403018568	0.7457367612133964577	0.86356051392672908483
chr1	99450000	100000000	2	0.44356132739028647505	1	1.3869083718403017458	0.74573676121339643676	0.86356051392672907274
chr1	99500000	100000000	1	0.7108817110178994314	1	0.92460558122686786753	0.49715784080893096546	0.7050942070453642335
chr1	99550000	100000000	1	0.7108817110178994314	1	0.924605581226867812	0.4971578408089309651	0.7050942070453642332
chr1	99600000	100000000	0	1.0000000000000004441	1	0.46230279061343387825	0.24857892040446547414	0.4985768951771285943
chr1	99650000	100000000	0	1.0000000000000004441	1	0.46230279061343387825	0.24857892040446547414	0.4985768951771285943
chr1	99700000	100000000	0	1.0000000000000004441	1	0.46230279061343382274	0.24857892040446543436	0.4985768951771285544
chr1	99750000	100000000	0	1.000000000000000222	1	0	0	0
chr1	99800000	100000000	0	1.000000000000000222	1	0	0	0
chr1	99850000	100000000	0	1.000000000000000222	1	0	0	0
chr1	99900000	100000000	0	1	1	0	0	0
chr1	99950000	100000000	0	1	1	0	0	0
