by_chromosomes:
  chr1:
    clt_mean: 9.24612745698334
    clt_pvalue: 0.5439482397052872
    clt_sd: 2.2297048708107083
    clt_zscore: -0.11038566592620375
    overlap_count: 9
    query_size: 50000
    reference_size: 20
total:
  clt_mean: 9.24612745698334
  clt_pvalue: 0.5439482397052872
  clt_sd: 2.2297048708107083
  clt_zscore: -0.11038566592620375
  overlap_count: 9
  query_size: 50000
  reference_size: 20
