by_chromosomes:
  chr1:
    clt_mean: 46.2306372849089
    clt_pvalue: 0.8942924321600568
    clt_sd: 4.985771664347214
    clt_zscore: -1.2496836406415495
    overlap_count: 40
    query_size: 50000
    reference_size: 100
total:
  clt_mean: 46.2306372849089
  clt_pvalue: 0.8942924321600568
  clt_sd: 4.985771664347214
  clt_zscore: -1.2496836406415495
  overlap_count: 40
  query_size: 50000
  reference_size: 100
