by_chromosomes:
  chr1:
    clt_mean: 4623.063728489071
    clt_pvalue: 0.7857947334277848
    clt_sd: 50.59097746021005
    clt_zscore: -0.7919144974137107
    overlap_count: 4583
    query_size: 50000
    reference_size: 10000
total:
  clt_mean: 4623.063728489071
  clt_pvalue: 0.7857947334277848
  clt_sd: 50.59097746021005
  clt_zscore: -0.7919144974137107
  overlap_count: 4583
  query_size: 50000
  reference_size: 10000
