by_chromosomes:
  chr1:
    clt_mean: 4623.063728481684
    clt_pvalue: 0.7369664521018127
    clt_sd: 50.57202650165724
    clt_zscore: -0.634021032964405
    overlap_count: 4591
    query_size: 50000
    reference_size: 10000
total:
  clt_mean: 4623.063728481684
  clt_pvalue: 0.7369664521018127
  clt_sd: 50.57202650165724
  clt_zscore: -0.634021032964405
  overlap_count: 4591
  query_size: 50000
  reference_size: 10000
