by_chromosomes:
  chr1:
    clt_mean: 92.46127456995069
    clt_pvalue: 0.7806190968100057
    clt_sd: 7.053305971495014
    clt_zscore: -0.7742857876890209
    overlap_count: 87
    query_size: 50000
    reference_size: 200
total:
  clt_mean: 92.46127456995069
  clt_pvalue: 0.7806190968100057
  clt_sd: 7.053305971495014
  clt_zscore: -0.7742857876890209
  overlap_count: 87
  query_size: 50000
  reference_size: 200
