by_chromosomes:
  chr1:
    clt_mean: 4623.063728489896
    clt_pvalue: 0.12605540213725436
    clt_sd: 50.588872157316985
    clt_zscore: 1.1452374611147458
    overlap_count: 4681
    query_size: 50000
    reference_size: 10000
total:
  clt_mean: 4623.063728489896
  clt_pvalue: 0.12605540213725436
  clt_sd: 50.588872157316985
  clt_zscore: 1.1452374611147458
  overlap_count: 4681
  query_size: 50000
  reference_size: 10000
