by_chromosomes:
  chr1:
    clt_mean: 23.1153186424288
    clt_pvalue: 0.6241353649093219
    clt_sd: 3.5254729519020866
    clt_zscore: -0.31636000549289545
    overlap_count: 22
    query_size: 50000
    reference_size: 50
total:
  clt_mean: 23.1153186424288
  clt_pvalue: 0.6241353649093219
  clt_sd: 3.5254729519020866
  clt_zscore: -0.31636000549289545
  overlap_count: 22
  query_size: 50000
  reference_size: 50
