by_chromosomes:
  chr1:
    clt_mean: 9.246127456958755
    clt_pvalue: 0.21575977719963146
    clt_sd: 2.2297048708944014
    clt_zscore: 0.7865940313157742
    overlap_count: 11
    query_size: 50000
    reference_size: 20
total:
  clt_mean: 9.246127456958755
  clt_pvalue: 0.21575977719963146
  clt_sd: 2.2297048708944014
  clt_zscore: 0.7865940313157742
  overlap_count: 11
  query_size: 50000
  reference_size: 20
