by_chromosomes:
  chr1:
    clt_mean: 46.23063728485933
    clt_pvalue: 0.2248174225407047
    clt_sd: 4.985771664434993
    clt_zscore: 0.7560239354779666
    overlap_count: 50
    query_size: 50000
    reference_size: 100
total:
  clt_mean: 46.23063728485933
  clt_pvalue: 0.2248174225407047
  clt_sd: 4.985771664434993
  clt_zscore: 0.7560239354779666
  overlap_count: 50
  query_size: 50000
  reference_size: 100
