real_time	user_time	sys_time	max_rss	exit_status
0.24	0.22	0.02	61560	0
