by_chromosomes:
  chr1:
    clt_mean: 4.623063728543976
    clt_pvalue: 0.06582890000843418
    clt_sd: 1.5766394340407703
    clt_zscore: 1.5075966134908674
    overlap_count: 7
    query_size: 50000
    reference_size: 10
total:
  clt_mean: 4.623063728543976
  clt_pvalue: 0.06582890000843418
  clt_sd: 1.5766394340407703
  clt_zscore: 1.5075966134908674
  overlap_count: 7
  query_size: 50000
  reference_size: 10
