real_time	user_time	sys_time	max_rss	exit_status
0.99	0.96	0.02	68008	0
