by_chromosomes:
  chr1:
    clt_mean: 4.623063728537515
    clt_pvalue: 0.951914353627207
    clt_sd: 1.5766394340366525
    clt_zscore: -1.6637055194171526
    overlap_count: 2
    query_size: 50000
    reference_size: 10
total:
  clt_mean: 4.623063728537515
  clt_pvalue: 0.951914353627207
  clt_sd: 1.5766394340366525
  clt_zscore: -1.6637055194171526
  overlap_count: 2
  query_size: 50000
  reference_size: 10
