by_chromosomes:
  chr1:
    clt_mean: 462.30637284911285
    clt_pvalue: 0.7821985561966882
    clt_sd: 15.784689184786165
    clt_zscore: -0.7796398589193742
    overlap_count: 450
    query_size: 50000
    reference_size: 1000
total:
  clt_mean: 462.30637284911285
  clt_pvalue: 0.7821985561966882
  clt_sd: 15.784689184786165
  clt_zscore: -0.7796398589193742
  overlap_count: 450
  query_size: 50000
  reference_size: 1000
